# 3-mer frequency bias matrix for KmerScore object.
# Load using KmerScore(data="<filepath>", k=3)
-0.139420
-0.052472
-0.000037
-0.172603
-0.082713
0.077737
0.309576
-0.085700
-0.020512
0.107497
-0.016478
-0.009279
-0.198334
-0.020397
0.003349
-0.133842
-0.034912
-0.053736
0.072454
-0.065862
0.034154
0.131307
0.446270
0.002014
0.433463
0.412542
0.454605
0.237674
-0.100925
-0.068287
0.042322
-0.082461
0.001257
0.082559
0.046412
0.022921
0.064603
0.176834
0.439842
0.079409
0.070171
0.167363
0.071418
0.012983
-0.057132
0.018760
0.070862
-0.043875
-0.241414
0.024667
-0.191200
-0.093696
-0.056999
-0.020925
0.341104
-0.146129
-0.026915
0.061954
0.073977
-0.037976
-0.144283
-0.086858
-0.052441
-0.121158
