# 6-mer frequency bias matrix for KmerScore object.
# Load using KmerScore(data="<filepath>", k=6, apply_to="sequence", stride=1)
-0.257342
-0.072065
-0.010952
-0.151512
-0.156521
-0.061265
0.043692
-0.069678
-0.055701
-0.038683
-0.050321
-0.042464
-0.234399
-0.080007
-0.075642
-0.094919
-0.234490
-0.218562
-0.063144
-0.130747
-0.109632
-0.102701
0.105075
-0.034607
0.077563
0.052926
0.068176
0.052619
-0.153740
-0.176559
-0.094474
-0.047536
-0.044096
-0.062882
-0.053378
0.032583
-0.058014
-0.008398
0.065936
-0.017299
-0.052420
-0.105220
-0.144670
-0.056423
-0.055732
-0.081858
-0.041212
0.002942
-0.314774
-0.099777
-0.187808
-0.147823
-0.125457
-0.091979
0.107803
-0.094999
-0.151946
-0.125101
-0.095818
-0.059723
-0.151245
-0.094749
-0.005395
-0.084934
-0.222948
-0.085663
0.029342
-0.179595
-0.264225
-0.098396
-0.034046
-0.219517
-0.107388
0.067565
-0.085077
0.097166
-0.219019
0.004900
-0.091645
-0.072054
-0.104132
-0.160545
0.050414
-0.120775
-0.163677
0.023317
0.033113
-0.087402
0.225757
0.288732
0.366476
0.129128
-0.141823
-0.119262
0.081549
-0.006727
0.121689
0.438694
0.381922
0.154934
0.028144
0.349115
0.013778
-0.032002
0.093288
0.407690
0.350098
0.141983
-0.044184
0.287790
0.220765
0.035933
-0.246101
0.093170
-0.159179
-0.069583
-0.177091
-0.177898
0.087548
-0.150476
-0.198212
-0.048192
0.014500
-0.100758
-0.054858
-0.023938
-0.020332
-0.024895
-0.076768
0.068589
0.134670
-0.034447
-0.192993
-0.002364
0.233131
-0.125789
-0.123268
0.067804
0.030267
-0.069249
-0.044048
0.096495
0.109335
0.028288
-0.144486
0.000501
0.107396
-0.106378
-0.073694
0.080100
0.263409
-0.049118
0.023079
0.411108
0.382174
0.066322
-0.097031
-0.031232
0.103183
-0.081914
-0.112306
0.025612
0.126715
-0.008361
-0.173711
0.104383
0.192023
-0.067098
-0.182954
0.002164
-0.015171
-0.071421
-0.129481
-0.112125
0.060365
-0.017567
-0.184312
0.228373
-0.072835
0.018173
-0.126159
-0.011105
0.266138
-0.100912
-0.132335
-0.069860
0.067164
-0.002964
-0.027564
0.095343
0.029597
-0.017811
-0.368098
-0.265945
-0.225166
-0.266419
-0.163323
-0.063084
0.108106
-0.068462
-0.212351
-0.216461
-0.262159
-0.115234
-0.144822
-0.192693
-0.015726
-0.119724
-0.200954
-0.275630
-0.051785
-0.147323
-0.106000
-0.278351
0.148723
-0.172272
0.163772
-0.064974
0.155840
0.085029
-0.203388
-0.248662
-0.098193
-0.085703
-0.142779
-0.121921
-0.129871
-0.058946
-0.109303
-0.002564
0.131965
-0.094305
-0.085275
-0.027147
-0.092364
-0.002347
-0.013976
-0.086235
0.013745
-0.052602
-0.241058
-0.118789
-0.161888
-0.104778
-0.056732
-0.159455
0.163013
-0.185862
-0.035206
-0.080958
-0.000874
-0.071374
-0.077404
-0.206029
-0.035524
-0.085587
-0.202110
-0.206257
-0.130663
-0.144040
-0.043675
0.033255
0.295010
-0.066818
0.005486
0.057710
0.071142
0.122844
-0.274199
-0.159229
-0.117279
-0.157652
-0.297456
-0.275403
-0.189548
-0.279356
-0.006109
-0.051432
0.218472
-0.111248
-0.006096
0.027406
0.150836
-0.015375
-0.134920
-0.259840
-0.073902
-0.181689
-0.111392
-0.050296
-0.147788
0.014905
0.026205
0.074574
0.341363
0.014061
-0.082739
-0.131630
-0.141767
-0.082581
0.083685
-0.001914
0.061813
0.062570
-0.281856
-0.141988
-0.204367
-0.261563
0.057860
0.037152
0.551481
-0.116342
-0.144193
-0.116850
-0.079756
-0.169538
-0.113326
-0.135171
0.097782
-0.101257
0.025335
0.040609
0.129932
-0.089954
-0.143649
0.154198
0.081139
-0.108003
0.039246
0.140822
0.055648
0.182889
-0.173603
0.107407
-0.054131
-0.010653
-0.107783
-0.130247
-0.049486
-0.111581
0.063522
0.264687
0.242496
0.049603
0.187745
0.273842
0.239779
0.178963
-0.075666
0.029037
0.045794
-0.068723
0.208795
0.578361
0.468179
0.315133
0.336970
0.484696
0.180272
0.384999
0.439271
0.500108
0.474956
0.296344
0.143849
0.280888
0.216126
0.168968
-0.222622
0.063417
-0.242902
-0.097862
-0.015246
-0.031554
0.091031
-0.060069
0.012501
0.124884
0.145333
0.064065
-0.038694
0.076476
-0.168550
0.004136
0.150554
0.035812
0.156249
0.093792
0.479796
0.544112
0.821229
0.331603
0.407984
0.543070
0.460184
0.408757
0.110007
0.137999
0.369845
0.116358
0.005814
0.067035
0.093597
-0.031970
0.390376
0.253947
0.482351
0.109125
0.093841
0.274477
0.354430
-0.038289
0.089216
0.198508
0.168924
-0.016529
0.112855
0.319978
0.181387
0.026384
0.396614
0.494392
0.674765
0.301233
0.249918
0.473639
0.212072
0.125294
0.015506
0.257028
0.247524
0.019767
-0.204948
0.160199
-0.147655
0.007307
0.280469
0.282395
0.370348
0.190983
0.093793
0.273900
0.269898
0.098191
-0.020092
-0.001900
0.033674
0.004668
-0.206206
-0.294662
-0.305488
-0.213639
0.006718
0.227093
0.532634
0.037280
-0.173246
-0.089401
-0.265005
-0.012243
-0.086723
-0.097237
0.078643
-0.058450
-0.209382
-0.268898
-0.103723
-0.203633
-0.109745
-0.085331
0.121945
-0.196334
0.186260
0.089644
0.171188
0.086466
-0.189199
-0.200179
-0.129870
-0.111347
-0.141795
-0.142899
-0.266887
-0.081285
-0.166587
0.025031
0.057324
-0.038277
0.045240
0.033492
-0.081574
0.029972
-0.052309
-0.012876
0.002389
-0.022944
-0.143535
-0.086248
-0.126291
-0.076465
0.013988
-0.078758
0.429702
-0.095335
-0.067176
-0.154365
-0.035079
-0.044189
-0.067413
-0.140196
0.026906
-0.018102
-0.091473
-0.064352
-0.072795
-0.077380
-0.020880
0.038465
0.367439
-0.007476
0.054265
0.105886
0.067947
0.061675
-0.124291
-0.139526
-0.057860
0.012416
-0.156763
-0.188915
-0.129833
-0.120266
-0.054643
0.048079
0.355502
0.008595
0.276255
0.216094
0.062569
0.066756
-0.115641
-0.114375
-0.142695
-0.086623
-0.098796
-0.201744
-0.209813
-0.087967
0.011842
0.086332
0.358491
-0.015134
0.034471
-0.051226
-0.123823
-0.082607
-0.077802
-0.087252
-0.063947
-0.033134
-0.119090
0.002149
-0.097311
-0.014286
0.014563
0.200657
0.443272
0.010322
0.079618
0.067585
-0.029234
0.045610
-0.046858
-0.037247
0.072863
-0.017308
-0.088391
0.029576
-0.014424
-0.143478
-0.042362
0.106499
0.209366
-0.063371
0.064757
0.346750
0.121979
0.240488
-0.149944
0.024956
-0.039016
-0.035487
-0.028952
-0.073133
0.060782
-0.073892
0.063960
0.227262
0.451981
0.084294
0.274398
0.479631
0.418370
0.266621
-0.128050
-0.158959
-0.026598
0.009095
0.289514
0.544635
0.395120
-0.008529
0.377991
0.459778
0.405206
0.407262
0.375961
0.674549
0.519329
0.231342
0.045263
0.176879
0.250902
0.150044
-0.183367
0.023542
-0.140098
-0.016373
0.019554
0.015974
0.325776
-0.011807
0.025507
0.239505
0.142442
0.056183
-0.094005
-0.028032
-0.123689
-0.022899
-0.103108
-0.067990
-0.060867
-0.091984
-0.057574
0.147033
0.369230
-0.015634
0.056051
0.268899
0.185080
0.028381
-0.107003
-0.018678
0.037920
-0.109252
-0.197655
-0.122741
-0.111334
-0.173042
0.031310
0.145266
0.264293
0.000234
0.189175
0.209522
0.300309
-0.037152
-0.102085
-0.071302
-0.144243
-0.081846
-0.161197
-0.115366
-0.111893
-0.168008
0.000148
0.163928
0.246086
-0.016332
-0.077585
0.028576
0.145013
-0.075227
-0.100894
-0.079684
-0.046565
-0.131379
-0.281147
-0.056207
-0.128120
-0.152419
-0.136445
0.004962
0.105325
-0.144204
-0.072499
0.092181
0.116056
0.019226
-0.070481
-0.025321
-0.083786
-0.076468
-0.153098
-0.121562
-0.244606
-0.143650
0.171523
0.329206
0.583808
0.206807
-0.080572
-0.218760
-0.191513
0.082714
0.048869
0.073193
0.211685
0.085999
-0.109872
-0.109382
0.027811
-0.067583
-0.026839
0.030403
0.269171
-0.002336
0.261009
0.317627
0.321965
0.230400
-0.134467
-0.184205
-0.069592
-0.066213
-0.030402
0.014490
-0.161605
-0.010986
-0.042070
0.223888
0.262452
-0.073153
0.141901
0.032026
0.062376
0.116632
0.077569
0.014688
0.085202
0.045198
-0.135593
0.078040
-0.046006
-0.030677
0.090626
0.152143
0.323946
-0.013009
-0.000509
0.017760
0.051394
0.041642
0.039297
-0.127246
0.110861
0.008810
-0.288058
-0.239906
-0.136547
-0.314830
-0.216147
-0.149407
-0.211608
-0.138365
-0.220198
-0.120930
-0.196655
-0.168084
-0.285775
-0.252927
-0.056874
-0.168973
-0.163881
-0.229124
-0.050055
-0.192974
0.012819
-0.064119
0.377894
-0.048711
0.060583
-0.001666
0.093142
0.029528
-0.106274
-0.102702
0.064250
-0.008060
-0.132485
-0.135466
-0.162633
-0.110989
-0.117705
-0.081547
-0.083501
-0.143405
-0.226880
-0.204979
-0.260397
-0.207492
-0.090417
-0.077432
-0.012393
-0.033303
-0.135778
-0.157612
-0.090092
-0.041729
-0.042780
-0.087796
0.183418
-0.153166
-0.039367
-0.085257
-0.024308
-0.120657
-0.113008
-0.072848
-0.031569
-0.050058
-0.059312
0.092787
0.104842
-0.194929
-0.203662
-0.022489
0.020114
-0.192696
0.013765
0.049460
-0.030152
0.109340
-0.173320
0.034197
-0.001570
-0.033305
-0.092774
-0.101792
0.089091
-0.157129
-0.146868
0.087561
0.183647
-0.121556
0.480398
0.459167
0.469450
0.097158
-0.123951
-0.052216
0.068885
-0.128448
0.485453
0.820178
0.719621
0.253789
0.100937
0.404493
0.187232
0.039017
0.294689
0.490237
0.457415
0.262487
0.136539
0.507349
0.480731
0.160728
-0.192878
-0.043276
-0.242408
-0.099028
-0.239452
-0.058230
-0.159290
-0.211998
-0.196956
-0.109831
-0.098387
-0.089908
-0.099497
-0.010133
-0.203626
-0.030894
-0.036282
0.021402
0.106123
-0.091308
-0.021778
0.119451
0.408998
-0.106195
-0.163595
0.059897
0.000717
-0.058445
0.002967
-0.032000
0.231259
-0.100386
-0.139139
-0.067261
0.067159
-0.174602
0.063734
0.101034
0.323887
-0.091819
0.114213
0.148668
0.359675
0.047933
-0.081273
-0.072457
0.110062
-0.103429
-0.059912
0.120954
0.002793
-0.087599
0.016967
0.121010
0.232359
0.038547
-0.104035
0.134342
0.004892
-0.055590
-0.063415
0.019927
0.067291
-0.053743
-0.148839
0.112384
-0.037368
-0.001402
-0.024277
0.033071
0.351380
-0.089180
-0.188151
-0.027208
0.103578
-0.059709
-0.054967
-0.000512
-0.059312
-0.017164
-0.151936
-0.205844
-0.134575
-0.179562
-0.186616
-0.023031
0.137797
-0.008605
-0.135583
-0.200390
-0.243006
-0.073726
-0.115826
-0.105598
0.044901
-0.090145
-0.196127
-0.139456
0.103081
-0.152928
-0.121515
-0.129016
0.202898
-0.141006
0.383819
0.242977
0.167850
0.161997
-0.209642
-0.269045
-0.081553
-0.125256
0.048436
0.128294
0.028992
0.047477
-0.060930
0.115401
0.135004
-0.047753
0.031145
0.088579
-0.005800
0.055848
-0.054779
-0.043679
-0.042128
-0.042531
-0.076662
-0.143656
-0.009301
-0.047633
-0.140442
-0.196771
0.191435
-0.154906
-0.049374
-0.058522
-0.045107
-0.057976
-0.060777
-0.170782
0.008588
-0.028316
-0.095008
-0.129748
-0.063541
-0.136424
-0.178527
-0.049801
0.109879
-0.135357
0.022569
0.008524
-0.116798
-0.107107
-0.221733
-0.130286
-0.098715
-0.117430
0.004558
-0.064776
0.045609
-0.045711
-0.013949
0.014630
0.394492
-0.049511
0.459759
0.310975
0.498696
0.320696
0.002563
-0.088196
-0.034629
-0.034091
0.054562
-0.065149
-0.021039
0.043241
0.049824
0.054948
0.218613
0.033638
0.104738
0.061241
-0.006709
-0.016142
0.036256
0.022555
0.036348
0.053470
-0.310338
-0.074120
-0.268293
-0.173559
-0.220944
-0.262757
0.140032
-0.263904
-0.051527
0.018450
-0.004163
-0.091537
-0.239371
-0.212345
-0.078833
-0.178256
-0.241813
-0.083698
-0.049759
-0.259839
-0.310056
-0.111120
-0.001914
-0.127717
-0.119329
-0.033149
-0.101688
-0.044941
-0.306193
-0.112489
-0.290138
-0.159079
0.122411
0.015112
0.061011
-0.019369
-0.124860
0.136043
0.209150
0.018045
0.382268
0.179100
0.350519
0.176672
-0.130749
-0.026665
-0.002234
-0.064829
-0.018605
0.309932
0.201756
0.038992
0.032340
0.065420
0.141805
0.127380
0.202727
0.299742
0.275438
0.102210
-0.131296
0.211060
-0.028519
-0.052236
-0.190415
0.080423
-0.150315
-0.144709
-0.216463
-0.167193
0.102717
-0.247828
-0.155338
-0.135760
-0.012583
-0.065137
-0.209067
-0.092284
-0.195329
-0.134758
-0.042854
0.011404
0.021015
-0.040351
-0.051614
0.126795
0.169332
-0.045384
-0.102531
0.062433
-0.029601
-0.060889
0.026774
0.157091
0.054879
0.070840
0.037184
0.013070
0.291987
0.028494
0.085609
0.216164
0.476538
-0.119383
0.481178
0.414414
0.551640
0.224896
-0.027425
0.056975
0.199203
-0.041831
-0.089540
0.071027
0.080857
-0.070008
-0.101175
0.143295
0.114663
-0.117426
-0.080849
0.084676
0.025472
-0.071508
-0.150468
0.001399
0.046948
-0.041156
-0.131205
0.383634
0.017528
0.235636
0.080317
0.101114
0.368416
-0.076797
0.055953
0.219097
0.100654
0.118579
0.028534
0.166084
0.096413
0.070793
-0.287275
-0.260350
-0.257611
-0.268068
-0.168549
0.006199
-0.074462
-0.019230
-0.148868
-0.138761
-0.271502
-0.117870
-0.198819
-0.109631
-0.204919
-0.152208
0.125593
0.005189
0.043256
0.055558
-0.010476
0.046607
0.535204
0.045392
0.887530
0.291666
0.548980
0.479755
-0.086600
-0.140200
-0.171298
-0.056328
-0.024372
-0.076565
-0.191740
-0.114674
-0.070494
-0.045240
0.195515
-0.039117
0.008037
0.070365
-0.042344
-0.001878
-0.116747
-0.016155
-0.230778
-0.091113
-0.061788
-0.001053
-0.166015
-0.120884
-0.117704
-0.121738
0.255944
-0.210157
0.176643
0.091966
0.137834
-0.012305
-0.091387
-0.163293
-0.086270
-0.104992
-0.003444
0.004094
0.016781
-0.140945
0.008741
0.062867
0.370626
-0.020341
0.043648
0.128245
0.093862
0.046826
-0.188340
-0.186063
0.094779
-0.147374
-0.118889
-0.094539
-0.013236
-0.193254
0.064262
0.091366
0.244048
0.026401
0.239079
0.099627
0.269969
0.029936
-0.097595
-0.115491
-0.107720
-0.145126
-0.017660
0.041641
0.047456
0.087983
0.111821
0.073275
0.426132
0.041018
0.011907
-0.008293
0.043702
-0.022497
0.158560
0.063476
0.169705
0.087332
-0.330089
-0.037465
-0.103481
-0.124738
0.061757
0.119375
0.484407
-0.154902
-0.048547
0.027560
0.118200
-0.184421
-0.077637
-0.128847
0.109380
-0.139679
-0.126942
0.040574
0.052223
-0.066399
-0.096069
0.065334
0.136029
-0.130083
0.039031
0.066148
-0.013630
0.050265
-0.228044
0.028306
-0.024132
-0.139359
0.110285
0.092662
0.170516
0.021249
0.227168
0.416344
0.556615
0.313508
0.440541
0.418630
0.447232
0.181178
0.023641
0.152850
0.207546
-0.021810
0.229990
0.365355
0.411673
0.231920
0.348807
0.308092
0.452455
0.355119
0.421185
0.314990
0.302785
0.230422
0.114600
0.109526
0.335574
0.141483
-0.220902
0.200115
-0.184471
-0.021749
0.041183
0.090358
0.303053
-0.012519
0.052096
0.161786
0.195306
0.016064
-0.112198
0.053697
-0.137408
-0.070606
0.226193
0.196540
0.223223
0.255290
0.504296
0.383983
0.855660
0.375725
0.431396
0.567698
0.427191
0.305432
0.261247
0.169179
0.521032
0.171364
0.427019
0.328408
0.367359
0.497283
0.443694
0.323875
0.741627
0.265368
0.274858
0.423025
0.475144
0.450381
0.393046
0.403306
0.461128
0.301002
0.300296
0.402446
0.481973
0.423951
0.454558
0.392147
0.605734
0.332100
0.395461
0.431742
0.431650
0.142643
0.023087
0.189451
0.237537
0.163357
0.055000
0.393270
0.206815
0.083818
0.275590
0.306932
0.446518
0.032971
0.122737
0.413138
0.376139
0.236033
0.028628
0.281611
0.141187
0.027068
-0.164588
-0.329337
-0.308194
-0.249242
0.134729
0.111563
0.495305
0.057148
-0.199945
-0.166641
-0.294152
-0.121745
-0.091941
-0.051004
0.102796
-0.104801
-0.010303
-0.056363
-0.068416
0.004477
-0.018771
-0.112935
0.190846
0.003303
0.257430
0.182924
0.216716
0.107704
-0.071534
-0.091382
-0.078351
-0.006382
0.033235
-0.013983
-0.078495
0.005003
0.082329
-0.000231
0.445502
0.062809
0.175495
0.130389
0.011481
0.151139
-0.084053
0.042549
0.058918
-0.043238
-0.133460
0.039718
-0.142557
-0.050420
0.043062
-0.000997
0.440775
-0.064133
-0.172156
-0.070921
-0.119943
-0.106031
-0.055153
-0.116765
0.031990
-0.035018
0.308165
0.090416
0.208390
0.161237
0.041065
0.245999
0.345197
-0.023730
0.315697
0.250694
0.072041
0.145750
0.077239
0.313732
0.231396
0.179166
0.545059
0.416209
0.488860
0.494239
0.507162
0.430999
0.641146
0.387577
0.989497
0.641394
0.723896
0.769176
0.426787
0.221264
0.331921
0.278692
0.492550
0.227186
0.444392
0.425873
0.567755
0.520851
0.664545
0.517229
0.585909
0.377356
0.361321
0.289442
0.161744
0.401922
0.457296
0.311736
0.091060
0.382288
-0.053615
0.276242
0.144195
0.036500
0.232966
-0.092639
0.453148
0.392545
0.320265
0.352174
0.178246
-0.008282
0.174330
0.036573
0.195145
0.290102
0.492604
-0.012736
0.136385
0.218382
0.303800
0.127256
0.202877
0.408391
0.151920
0.189460
-0.121586
0.538327
0.265680
0.147421
0.408120
0.341329
0.499250
0.295380
0.181620
0.390726
0.322152
0.323881
0.639521
0.720805
0.656874
0.430733
0.356939
0.138950
0.288160
0.270949
-0.239867
0.466614
0.383305
0.036598
0.222602
0.388323
0.379332
0.438260
0.346816
0.545380
0.402769
0.127582
0.394213
0.297366
0.285264
0.035741
-0.310781
0.728322
-0.101833
0.418540
0.299644
0.290308
0.487463
0.154638
0.122500
0.500451
0.381117
0.252068
0.126032
0.360269
-0.105885
0.106899
0.189889
0.363012
0.293561
0.089560
0.363183
0.513001
0.500338
0.160249
0.355452
0.491228
0.341217
0.200586
0.106940
0.185718
0.317828
0.205424
0.492300
0.372946
0.530514
0.422410
0.436242
0.571926
0.574537
0.186975
0.637888
0.676798
0.957357
0.534446
0.211897
0.241457
0.533845
0.172441
0.285091
0.482453
0.391231
0.246529
0.450102
0.615646
0.434355
0.310323
0.303859
0.455772
0.412322
0.073381
0.182071
0.254459
0.228341
-0.050544
-0.198111
0.417617
-0.035914
0.240658
0.294623
0.281050
0.346406
0.034999
0.091852
0.361049
0.258310
0.158465
0.081108
0.168437
0.167953
0.077179
0.051268
-0.042427
-0.082842
-0.079178
0.147682
0.414439
0.541989
0.157822
-0.001925
0.109486
-0.088853
0.100050
-0.037761
0.200157
0.111658
0.144900
0.480259
0.250656
0.250658
0.384747
0.248093
0.289808
0.365379
0.253053
0.284314
0.441758
0.387123
0.471991
0.299103
0.022419
0.165516
0.155620
0.203693
0.108446
-0.052839
0.002452
0.341601
0.317292
0.507551
0.334465
0.365810
0.359946
0.250234
0.256138
0.248323
0.243577
0.213896
0.117102
-0.124056
0.191860
-0.037707
0.071534
0.063281
0.161240
0.274991
0.049111
0.041176
0.128245
0.055091
0.082728
0.041589
-0.035092
0.160352
0.005709
-0.204933
-0.143308
-0.036496
-0.211265
-0.281868
-0.262089
-0.168711
-0.301268
-0.259884
-0.262609
-0.276639
-0.259402
-0.260679
-0.244654
-0.111075
-0.263186
0.059182
0.080421
0.041384
0.068177
0.155568
0.105997
0.686671
0.081775
0.771569
0.421283
0.553363
0.313575
-0.085278
-0.052367
-0.000768
0.015010
-0.198366
-0.198326
-0.131896
-0.192316
-0.188734
-0.112065
-0.005310
-0.180571
-0.315617
-0.270658
-0.170009
-0.365189
-0.067195
-0.143322
0.054602
-0.116514
-0.146075
-0.053383
-0.091814
-0.059051
-0.097993
-0.086909
0.419329
-0.215790
0.172923
0.102256
0.096942
-0.066595
-0.104404
-0.109272
-0.042271
-0.116025
-0.204016
0.030699
-0.061484
-0.209629
-0.251446
-0.101321
-0.067826
-0.298235
-0.027698
-0.098338
-0.040855
0.013447
-0.245052
-0.003276
-0.127635
-0.146737
-0.034911
-0.058935
-0.050114
-0.112013
-0.197627
0.062160
0.035187
-0.087664
0.355547
0.144278
0.226348
0.071746
-0.101292
-0.001863
-0.132375
-0.111297
0.057833
0.212185
0.324213
0.084555
0.202961
0.242065
0.135703
0.057294
0.316489
0.155617
0.221508
0.180684
0.129953
0.170207
0.052577
-0.011902
-0.256378
0.021094
-0.235273
-0.127923
-0.166694
-0.100239
0.071192
-0.282927
-0.108965
-0.109073
-0.004721
-0.154106
-0.113220
0.028111
-0.136081
-0.124243
-0.111127
-0.026381
0.092490
-0.182848
-0.056342
0.014713
0.298008
-0.184400
-0.255062
0.024605
-0.084227
-0.195290
-0.085860
0.017352
0.100264
-0.149295
-0.164838
0.000951
0.138805
-0.101153
-0.004412
0.183668
0.389584
-0.141176
0.217348
0.449964
0.464722
0.121925
-0.056198
0.054579
0.258483
-0.114698
-0.062429
0.194590
0.192460
0.001072
0.027803
0.241980
0.383510
0.023989
-0.188308
0.091002
0.106316
-0.132664
-0.019146
-0.002138
0.301354
-0.007970
-0.221862
0.133509
-0.100761
0.037829
-0.001785
0.127622
0.167688
-0.155872
-0.072802
0.107878
0.145933
-0.024898
-0.031720
-0.035332
-0.007255
-0.064748
-0.110620
-0.163149
-0.154934
-0.116261
-0.067351
0.027452
0.032816
-0.063152
-0.132358
-0.137467
-0.291476
-0.038825
-0.081588
-0.106556
0.004420
-0.061151
0.000322
-0.037815
0.067081
0.007231
-0.041801
-0.083289
0.363394
-0.050953
0.719110
0.258441
0.373824
0.371073
-0.093798
-0.093505
-0.095176
-0.052924
-0.112141
-0.152266
-0.230423
-0.092949
-0.098051
-0.120438
0.115168
-0.191814
-0.120328
-0.134249
-0.105566
-0.028156
-0.073164
-0.081233
-0.082728
-0.076854
-0.074929
-0.006724
-0.054554
-0.083988
-0.121960
-0.164566
0.019996
-0.200350
0.089351
0.000720
-0.010877
0.048531
-0.036259
-0.133719
-0.011158
0.009670
-0.037039
-0.067154
-0.028955
-0.017606
-0.125157
-0.073992
0.053004
-0.101366
-0.065275
-0.000012
-0.107498
0.050816
-0.148563
0.008137
-0.116087
0.033172
-0.025124
-0.172750
0.038384
0.000996
-0.005438
-0.081117
0.339232
0.099017
0.512105
0.158791
0.400013
0.269597
-0.065870
-0.131033
-0.061341
0.036247
0.123087
-0.063336
0.057757
0.189459
0.022625
0.060505
0.383608
0.062348
0.019750
0.014286
-0.009829
0.054857
0.093631
-0.056866
-0.016114
0.075813
-0.348606
-0.006623
-0.261521
0.034481
-0.142917
-0.059483
-0.004109
-0.078862
-0.180203
-0.050943
-0.069077
0.071628
-0.045947
-0.050779
-0.036173
0.011908
-0.119669
0.097908
0.132294
-0.109293
-0.247661
0.067586
0.089564
-0.109135
-0.085058
0.173103
-0.106509
0.174084
-0.213217
0.136682
-0.025333
0.008220
0.072580
0.034344
0.117596
0.089565
0.029558
0.232589
0.351515
0.073227
0.550055
0.585605
0.553423
0.293570
-0.053994
-0.001689
0.210380
0.005947
0.243639
0.695922
0.588212
0.469743
0.082875
0.489091
0.312211
0.297316
0.169900
0.572726
0.218267
0.308860
-0.016504
0.282470
0.380857
0.081721
-0.348305
0.056863
-0.169687
0.133280
-0.214328
-0.071720
0.232198
-0.076215
-0.186199
-0.017536
-0.041617
0.008584
-0.052637
-0.036736
-0.072116
-0.029388
-0.107838
0.059843
0.120881
-0.092170
-0.198377
-0.009877
0.067687
-0.144235
-0.199667
0.092984
-0.110686
0.015274
-0.164352
0.120096
-0.039659
-0.077136
-0.034832
0.079140
0.256716
-0.007870
-0.065203
0.192492
0.396849
0.054845
0.445744
0.532775
0.640365
0.317269
-0.041652
0.121900
0.228052
-0.037082
0.020309
0.154035
0.321728
0.044066
-0.121840
0.077215
0.308776
-0.083161
-0.135522
0.191258
0.034975
-0.027299
-0.166805
-0.071845
0.141062
-0.097715
-0.283513
0.311016
-0.333272
0.175835
-0.134613
0.021837
0.238483
-0.124533
-0.190538
-0.067056
0.084697
0.065266
-0.114939
0.073075
-0.031652
-0.019958
-0.121153
-0.048313
-0.103199
-0.065879
-0.095750
0.061296
0.131563
0.051518
-0.091481
0.017269
-0.217444
0.075847
-0.056963
0.078394
-0.041611
0.015561
0.064709
-0.157884
0.084230
0.016130
-0.002459
0.093783
0.375353
0.047524
0.643064
0.228137
0.407510
0.469286
-0.033916
-0.140696
-0.089193
-0.063010
0.164224
0.190418
0.093207
0.281871
-0.016010
0.138556
0.192602
0.116063
0.005888
0.141305
0.040291
0.008935
0.071661
0.068923
0.044586
0.118325
-0.252688
-0.198095
-0.254877
0.065944
-0.111971
-0.111940
0.267600
-0.109643
0.098237
-0.018944
-0.023685
-0.069417
-0.042703
-0.136108
-0.058921
0.021904
-0.041229
-0.083881
-0.056819
-0.117917
-0.019285
-0.113905
0.378722
0.005885
0.008634
0.095288
0.004462
0.027078
-0.142622
-0.302682
-0.106240
-0.163696
-0.023906
-0.092459
-0.010726
-0.107668
0.085742
0.052012
0.464931
0.056170
0.301742
0.213967
0.257723
0.017738
0.071935
-0.120904
-0.003855
-0.057155
0.050429
0.090001
-0.020327
0.100004
0.283102
0.224667
0.581017
0.242959
0.115314
0.135524
0.015090
0.078344
0.164135
0.125881
0.092010
0.154033
-0.292956
-0.028138
-0.234273
-0.110517
0.068394
0.079913
0.544410
-0.024833
-0.113304
-0.024387
-0.035165
-0.046717
-0.043764
-0.152192
0.085579
-0.058953
0.103528
0.112052
0.135071
-0.038533
-0.024548
0.136251
0.255038
-0.048932
0.076890
0.219011
0.051358
0.195407
-0.087637
0.142933
0.091699
0.000211
0.083711
0.080414
0.091322
0.036075
0.181070
0.482206
0.438326
0.178790
0.544802
0.452398
0.374858
0.346003
0.095811
0.163281
0.235668
0.071376
0.267326
0.604496
0.401618
0.383491
0.490675
0.638448
0.607754
0.486145
0.492316
0.561080
0.385474
0.264700
0.310898
0.404965
0.388826
0.144307
-0.327805
0.235919
-0.223313
0.080211
-0.147922
-0.108624
0.108700
-0.057772
0.008204
0.128079
0.050290
-0.002507
0.031299
0.113418
-0.009428
-0.003727
0.052270
0.167879
0.086689
0.229198
0.338534
0.484791
0.641960
0.217082
0.326361
0.519010
0.357133
0.347688
0.093407
-0.173485
0.307409
-0.123880
0.401676
0.213158
0.270332
0.376645
0.388347
0.362355
0.650848
0.331268
0.305867
0.382681
0.407047
0.262141
0.506313
0.356817
0.459657
0.263695
0.280026
0.464452
0.395283
0.194183
0.590978
0.627011
0.964174
0.520842
0.479611
0.491387
0.356858
0.227634
0.375476
0.230844
0.181684
0.195555
-0.044304
0.327527
0.010763
0.317563
0.264760
0.247261
0.354196
0.174292
-0.037915
0.313112
0.221935
0.240709
0.107370
0.088214
0.052066
0.051400
-0.089223
-0.232094
-0.220525
-0.246674
0.173685
0.249345
0.622128
-0.012533
-0.092438
-0.127865
-0.257872
-0.038903
-0.059489
0.022844
0.122617
-0.028211
-0.002284
-0.217378
0.069853
-0.019411
0.025786
0.048283
0.285493
0.010750
0.415396
0.363521
0.417724
0.173772
-0.011590
-0.044195
-0.014845
0.002690
0.044105
0.088599
-0.038499
0.095938
0.204507
0.270891
0.487057
0.317212
0.157033
0.310806
-0.013909
0.172790
-0.009164
0.102118
0.120214
0.051745
-0.199705
-0.038289
-0.213324
0.032609
-0.008658
-0.019803
0.434694
-0.049873
-0.186771
-0.118544
-0.109706
-0.061714
-0.008834
-0.137507
0.038083
0.011783
-0.020393
-0.140869
-0.086791
-0.027793
-0.024542
0.032526
0.226834
-0.072161
0.027653
0.001706
-0.116598
-0.005085
-0.155016
-0.076566
-0.113700
-0.035399
0.087072
-0.087620
0.096533
0.067044
0.193842
0.181691
0.514436
0.213398
0.651201
0.301111
0.405861
0.302151
-0.086164
-0.043510
-0.003554
-0.000951
0.134054
0.056786
0.003238
0.135066
0.202365
0.185534
0.547530
0.291235
0.252661
0.031425
0.043749
0.099909
0.086107
0.005167
-0.095165
-0.000716
-0.193511
-0.069597
-0.132614
0.020185
-0.050466
0.007490
0.392291
-0.019977
0.161785
-0.003938
0.011549
0.061315
-0.257174
-0.137863
-0.099599
-0.019885
-0.048259
0.031135
0.057597
-0.149342
-0.119519
0.133629
0.129468
-0.003165
-0.039083
0.308550
-0.028333
0.147515
-0.181606
0.138345
-0.072093
0.008136
0.119600
0.181000
0.127098
0.199223
0.151984
0.362619
0.516161
0.289122
0.465227
0.566754
0.369836
0.527546
0.013282
-0.047129
0.185233
0.151985
0.132585
0.318750
0.414459
0.256312
0.255545
0.429522
0.359438
0.391057
0.304095
0.815020
0.319853
0.382263
0.172641
0.337640
0.112087
0.106754
-0.300000
0.354040
-0.201730
0.122266
-0.192655
0.096976
0.290734
0.048569
-0.045601
0.242376
0.019485
0.073531
-0.100284
0.042832
-0.084384
0.033560
-0.095103
-0.015478
-0.066417
-0.091915
-0.015658
0.174541
0.259048
-0.080126
-0.046962
0.190588
-0.070511
-0.032115
-0.157662
-0.013679
-0.027992
-0.235439
0.006419
0.104214
0.141874
0.099182
0.216967
0.344089
0.531365
0.193296
0.313523
0.381808
0.335389
0.216395
0.075347
0.023040
0.144773
0.004779
-0.068018
0.152820
0.100913
0.016432
0.070057
0.372342
0.300584
0.139911
0.092259
0.345820
0.259255
0.120708
-0.092235
0.038942
0.097948
-0.108764
-0.232070
0.053396
-0.153745
-0.009326
-0.018910
0.041420
0.168585
-0.111176
-0.038556
0.086085
0.053305
0.013523
-0.140627
-0.165999
-0.075613
-0.098006
-0.142411
-0.177169
-0.381688
-0.181004
0.052720
0.116040
0.415386
0.023663
-0.093782
0.042301
-0.248327
0.045425
-0.089281
0.030101
-0.046254
-0.035665
0.029200
-0.015962
-0.026437
0.127037
0.075323
0.058427
0.301701
0.046968
0.233512
0.216121
0.171338
0.242642
-0.088556
-0.229532
-0.066375
-0.117102
0.063063
0.093585
-0.126350
0.032181
0.083717
0.141676
0.294287
0.225019
0.190977
0.182883
0.039811
0.244478
0.064666
0.113047
0.019790
0.108062
-0.192636
0.053219
-0.203626
0.094379
-0.106484
-0.000348
0.410381
-0.048089
-0.026315
-0.080531
-0.011716
-0.017235
0.008950
-0.168952
0.005922
0.032272
-0.106360
-0.120863
-0.023560
-0.099013
-0.241065
-0.090214
-0.176252
-0.126643
-0.289535
-0.258039
-0.217366
-0.264402
-0.122701
-0.278493
-0.038042
-0.146604
0.152856
0.065184
0.173087
0.116158
0.216626
0.071078
0.682519
0.194643
0.739630
0.464057
0.512492
0.373571
0.084040
0.046876
0.149269
0.117321
-0.034733
-0.049513
-0.158129
-0.003407
0.051010
0.029950
0.030185
-0.282849
-0.219535
-0.183578
-0.136293
-0.210793
0.091739
-0.108691
0.107088
0.066736
-0.055031
-0.040910
0.062142
0.069072
0.061753
0.001937
0.461459
-0.027339
0.154070
0.091144
0.168638
0.040851
0.055701
0.008656
0.064741
0.011424
-0.059725
0.126883
0.030515
-0.081153
-0.155459
0.059239
0.168727
-0.063651
0.041918
0.131228
-0.099638
0.131708
-0.115872
0.122064
0.004437
0.011258
0.044938
0.049320
0.099804
-0.010202
-0.000531
0.145161
0.445059
0.025915
0.498030
0.313634
0.375835
0.275740
0.010324
0.024215
0.119063
-0.051295
0.179348
0.249648
0.330279
0.175402
0.185231
0.260394
0.249729
0.227446
0.426892
0.225960
0.286283
0.331210
0.104455
0.377523
0.248989
0.146510
-0.186647
0.022617
-0.185137
-0.078083
-0.221914
-0.125872
-0.068489
-0.146720
-0.084882
-0.020690
-0.075053
0.023979
-0.090772
-0.004202
-0.181738
-0.065618
-0.038270
0.055420
0.082807
-0.045938
-0.027958
0.092163
0.236814
-0.134983
-0.252660
-0.066386
-0.117424
-0.209655
-0.040311
-0.092668
0.065503
-0.098162
-0.017724
0.052876
0.108913
-0.034789
0.114690
0.285376
0.484289
0.007129
0.209362
0.437346
0.468356
0.178357
-0.018341
0.080658
0.179366
-0.052659
0.051646
0.385129
0.240573
0.105534
0.066177
0.325953
0.262989
0.061852
0.014631
0.223756
0.102291
-0.028078
0.052224
0.153614
0.243396
0.067804
-0.034693
0.193759
-0.049598
0.114208
-0.000473
0.108813
0.237574
-0.010081
-0.078697
0.125800
0.090560
0.077574
-0.020008
0.034289
0.043168
0.060604
-0.086213
-0.120114
-0.179318
-0.063415
0.013297
0.049505
0.356094
0.045057
-0.042466
-0.064931
-0.205922
-0.026960
-0.024083
-0.012540
0.001124
-0.002643
-0.096649
-0.063723
0.181648
0.018989
0.010323
-0.012525
0.504919
0.021632
0.421973
0.525912
0.312993
0.336346
-0.035933
-0.097738
-0.057018
-0.037035
-0.036515
0.046734
-0.122164
0.127484
-0.021763
-0.100182
0.237253
0.003025
0.055727
0.003249
-0.039495
0.073176
0.086137
-0.018367
0.024670
-0.023126
-0.071027
0.109595
-0.027939
0.017589
-0.118934
-0.184344
0.088684
-0.105583
0.129026
0.048519
0.067409
0.034636
-0.030893
-0.082945
0.023311
0.085251
-0.182552
-0.144453
-0.127953
-0.209576
-0.212826
-0.127968
0.058250
-0.172755
-0.018867
-0.089191
-0.062948
-0.058874
-0.202854
-0.230634
-0.168406
-0.186551
-0.226223
-0.355384
-0.119340
-0.185519
-0.185080
-0.148347
0.147114
-0.183198
-0.096918
-0.353388
-0.121987
-0.171817
-0.151286
-0.243063
-0.184216
-0.077142
-0.173874
-0.290063
-0.262145
-0.202042
-0.193388
-0.250197
0.159473
-0.216563
-0.121311
-0.222584
-0.239138
-0.197221
-0.199162
-0.204053
-0.206086
-0.115004
-0.271433
-0.217722
-0.103654
-0.155380
-0.211909
-0.304164
0.131874
-0.250677
-0.039579
-0.041825
-0.019795
-0.043787
-0.247208
-0.161017
-0.116166
-0.152156
-0.081565
0.096959
0.139477
-0.135213
-0.130624
0.079813
0.223992
-0.130825
-0.004037
0.093647
-0.145080
0.020240
-0.185998
0.156861
-0.074014
-0.041186
0.092689
0.064004
0.216648
-0.007288
-0.074873
0.115182
0.377239
-0.025666
0.473498
0.723159
0.647328
0.316081
-0.135554
0.099021
0.132982
-0.036333
0.167878
0.609793
0.849322
0.275907
0.078694
0.510793
0.673726
0.050304
0.160686
0.667400
0.340991
0.149288
0.017590
0.309574
0.346049
-0.025115
-0.216106
0.212800
-0.084360
-0.015006
-0.114149
0.047859
0.107034
-0.101984
-0.104208
0.027552
0.094283
0.134069
-0.123907
0.095710
0.031436
0.042177
-0.101194
-0.096653
-0.096986
-0.154129
-0.122073
-0.116597
0.089512
-0.180876
-0.180595
-0.084556
-0.087020
-0.184383
-0.100040
-0.087858
-0.011481
-0.098415
-0.113031
-0.064782
-0.076837
-0.112265
-0.105738
-0.013308
0.182190
-0.173240
-0.005576
-0.065223
-0.024122
-0.096232
-0.186349
-0.144193
-0.254155
-0.090248
-0.224918
-0.261642
-0.269739
-0.207084
-0.262803
-0.207384
-0.004595
-0.294898
-0.196722
-0.196733
-0.131399
-0.264963
-0.233028
-0.293186
-0.295431
-0.143369
-0.048047
-0.043319
-0.061202
-0.014686
-0.071820
-0.120242
0.240394
-0.178946
0.061275
0.048317
0.107211
0.010507
-0.092514
-0.071368
-0.011901
-0.015287
-0.117593
-0.074968
-0.126990
-0.108537
-0.171758
0.003301
-0.003425
-0.025546
-0.047628
-0.046821
-0.126457
0.008724
-0.008398
-0.018347
-0.042954
0.021969
-0.017702
-0.136872
0.093554
-0.071872
-0.086069
-0.064862
0.390055
-0.133869
0.429831
0.262496
0.296583
0.289694
-0.203544
-0.187601
-0.110713
-0.119843
0.067475
0.091060
0.044513
0.079493
-0.039736
0.099206
0.269485
-0.031924
0.024067
0.118557
0.073418
0.020349
-0.054870
0.002170
0.003908
-0.084000
-0.098376
0.016995
-0.081782
-0.082254
-0.075261
-0.042047
0.282824
-0.128250
-0.003537
-0.021877
0.041101
-0.034591
-0.054403
-0.089932
-0.029873
-0.037935
-0.131390
-0.152269
-0.002885
-0.161935
0.014827
0.046084
0.550580
-0.073443
-0.016943
-0.037734
0.003704
-0.033009
-0.265902
-0.269325
0.016944
-0.257662
-0.188100
-0.257847
-0.096220
-0.251188
0.020364
-0.044991
0.125369
-0.150227
-0.051288
-0.013048
0.208239
-0.025602
-0.193162
-0.250803
-0.159176
-0.206471
0.037418
0.004062
-0.023654
0.099449
0.043725
-0.048250
0.290225
-0.028408
-0.058093
-0.066966
0.006897
-0.035636
0.044281
0.031228
0.144200
0.071418
-0.209802
-0.056980
-0.125745
-0.144134
0.045569
0.021712
0.599429
-0.148558
-0.091967
-0.034278
0.020876
-0.068187
-0.101660
-0.119314
0.087364
-0.137999
-0.072502
-0.010129
-0.014078
-0.158311
-0.104501
-0.038547
0.157858
-0.187757
-0.010648
0.041189
-0.043306
0.094920
-0.159127
-0.102979
-0.102784
-0.116427
-0.173796
-0.155798
-0.098350
-0.198733
-0.014863
0.172003
0.282876
-0.052170
0.108169
0.171363
0.160220
0.092641
-0.213151
-0.077291
-0.016949
-0.160741
0.191365
0.446071
0.521771
0.343070
0.369672
0.178625
0.233207
0.368861
0.281927
0.420706
0.439236
-0.058548
0.152908
0.106529
0.231687
0.049438
-0.248877
0.074901
-0.171217
-0.059355
-0.017457
-0.034884
0.286810
-0.112808
-0.116662
-0.062507
0.069633
-0.045925
-0.153558
-0.118310
-0.161916
-0.078016
0.360795
0.021377
0.366231
0.252167
0.672370
0.473283
0.791372
0.254851
0.424226
0.609797
0.459922
0.380206
0.283324
0.069523
0.328702
0.180839
0.179720
0.038869
0.206852
0.175199
0.314108
0.236482
0.554636
0.185751
0.081338
0.268802
0.257741
0.055800
-0.027873
0.074014
0.241339
-0.035317
0.267158
0.320661
0.364313
0.237842
0.375363
0.180320
0.580301
0.107489
0.242991
0.473867
0.277020
0.152974
0.001597
0.233719
0.293350
0.115021
0.102962
0.198250
0.045487
0.121693
0.506055
0.276031
0.454688
0.169992
0.061535
0.429825
0.394356
0.236875
0.013474
0.067291
0.087122
0.073492
-0.151665
-0.244069
-0.228690
-0.180166
-0.037443
0.083982
0.418043
-0.137231
-0.224928
-0.196825
-0.297980
-0.059441
-0.127721
-0.243178
0.022218
-0.177888
-0.231083
-0.323987
-0.072115
-0.248317
-0.135632
-0.084894
0.132598
-0.204160
-0.071297
-0.036916
0.046818
-0.054974
-0.227960
-0.309678
-0.154782
-0.171173
-0.108845
-0.133869
-0.177990
-0.082810
-0.140093
-0.141488
0.206613
-0.101650
-0.085041
-0.014858
-0.086811
0.014823
-0.076910
-0.140544
-0.029265
-0.115212
-0.079392
-0.051663
-0.132295
-0.116652
0.010977
-0.029876
0.399152
-0.116574
-0.164077
-0.167971
-0.133982
-0.091816
-0.094936
-0.220516
0.033161
-0.087408
-0.009207
-0.105095
0.023626
-0.100898
-0.053870
-0.004194
0.423523
-0.092807
0.149455
0.078400
0.098753
-0.021638
-0.199841
-0.108354
-0.064354
-0.083548
-0.001812
-0.080477
0.037444
-0.036179
0.068299
0.095394
0.589654
-0.074452
0.384357
0.268550
0.407923
0.172405
-0.076609
-0.189911
-0.109506
-0.102540
-0.156423
-0.260260
-0.166528
-0.271502
-0.010505
-0.098524
0.556106
-0.071585
0.030908
-0.138046
-0.028799
-0.162701
-0.206425
-0.230773
-0.066145
-0.084042
-0.005470
0.002742
0.044337
-0.045862
0.008353
0.012911
0.503151
-0.231404
0.254780
0.137359
0.117552
0.072509
-0.160857
-0.121775
-0.036709
-0.102941
-0.105286
-0.137305
-0.047595
-0.225717
-0.046803
0.047230
0.204590
-0.064558
0.060456
0.152484
0.153598
0.003649
-0.193215
-0.035988
-0.133073
-0.113994
0.130813
-0.007645
0.082339
0.010706
-0.000916
0.278424
0.387894
0.084387
0.364687
0.492889
0.416518
0.159299
-0.120200
-0.134540
-0.076129
-0.082043
0.050071
0.319016
0.340126
-0.116454
0.312128
0.408107
0.330338
0.373799
0.393314
0.624951
0.453410
0.066160
0.138212
0.161360
0.161820
-0.037662
-0.098026
0.046843
-0.075011
-0.079065
-0.004976
-0.022414
0.403117
-0.119967
0.088292
0.312176
0.175406
0.062589
-0.143499
-0.084544
-0.148348
-0.074296
-0.029694
0.003945
-0.007570
-0.118723
0.140003
0.284318
0.574434
-0.028493
0.147008
0.232879
0.169676
-0.089842
-0.069198
0.007416
0.098268
-0.080766
0.026031
-0.037314
0.124331
-0.021084
0.128605
0.280880
0.548990
0.030021
0.214850
0.214610
0.437669
0.175217
-0.027309
-0.047431
0.108761
-0.008023
-0.085588
-0.052933
-0.137855
-0.216930
0.083540
0.177726
0.332556
0.002820
0.035922
0.146640
0.148142
-0.039173
-0.149009
-0.093306
-0.031579
-0.126922
-0.125268
0.165717
0.029588
0.007729
0.167165
0.127292
0.301245
-0.176028
0.112859
0.228246
0.240573
0.133579
-0.019189
0.035229
0.009184
0.031457
-0.024640
-0.211067
-0.242354
-0.142212
0.145993
0.134519
0.529933
0.064972
-0.048406
-0.070847
-0.167818
0.008846
0.032631
-0.021267
0.101625
0.004473
-0.009326
-0.052926
0.068774
-0.049774
0.054835
0.117311
0.488014
-0.000734
0.229291
0.071631
0.392136
0.142756
-0.160307
-0.137927
-0.054599
-0.117608
-0.023083
-0.129190
-0.204598
-0.107576
0.009975
0.074975
0.394746
0.031144
0.153845
0.177834
0.077802
0.069787
0.007095
-0.032105
0.021508
-0.026822
-0.036347
0.010664
-0.053786
-0.055285
0.014765
-0.042947
0.501948
-0.118979
-0.005600
-0.045549
0.016845
-0.004188
-0.038300
-0.105676
0.057664
-0.006082
-0.093815
-0.126995
0.010450
-0.104701
-0.145468
-0.128178
-0.153131
-0.101439
-0.150049
-0.166997
-0.063160
-0.085383
-0.127953
-0.183486
0.030211
-0.120900
-0.025718
-0.084963
-0.140560
-0.088211
0.038380
-0.035699
0.383799
-0.051473
0.269596
0.098526
0.104162
0.038283
-0.010006
-0.066255
-0.015718
-0.009719
-0.075517
-0.103066
-0.114521
0.016802
-0.101558
-0.133812
-0.129418
-0.102708
-0.195080
-0.274098
-0.215851
-0.172747
-0.062143
-0.091721
0.095018
-0.075451
-0.099373
-0.034298
-0.036458
0.015583
-0.011384
-0.092146
0.275256
-0.179407
0.036381
-0.008258
0.021340
0.014066
-0.080170
-0.089358
-0.002310
-0.053020
-0.095569
-0.056303
-0.094384
-0.199664
-0.134837
-0.066254
0.097592
-0.175069
0.081468
0.076188
-0.006064
0.101905
-0.072076
-0.063976
-0.030628
-0.104054
-0.105603
-0.151048
-0.010284
-0.146246
-0.164335
-0.039782
0.078520
-0.155671
0.336944
0.326090
0.325581
0.235906
-0.162380
-0.078269
-0.058998
-0.160076
0.390014
0.734012
0.458598
0.392789
0.132331
0.320757
0.302403
0.131880
0.204307
0.366545
0.339424
0.062825
0.078017
0.305331
0.422641
0.017986
-0.151694
-0.020397
-0.156584
-0.163264
-0.188840
-0.188994
0.070043
-0.186414
-0.120301
-0.141049
-0.060361
-0.078372
-0.081011
-0.080535
-0.063859
-0.115761
0.013706
-0.113067
0.075675
-0.105386
0.061451
0.058961
0.323791
-0.039642
-0.143414
-0.100297
-0.027637
-0.065929
0.085103
-0.052944
0.217385
-0.068567
-0.123779
0.000611
0.013769
-0.140327
0.084562
-0.078381
0.238443
-0.125283
0.061392
0.145654
0.262851
0.072671
-0.053040
-0.208675
0.041265
-0.126070
-0.054550
-0.062298
0.008806
-0.019604
0.032539
-0.046943
0.183603
-0.056414
-0.158315
-0.001450
0.057843
-0.109094
0.074276
-0.004381
0.068382
0.066927
-0.068035
0.149314
-0.050546
-0.000165
-0.014427
0.025894
0.110109
-0.162485
-0.105302
0.028274
0.144320
-0.025054
-0.030598
-0.084769
0.005894
-0.032787
-0.022170
-0.054890
-0.058750
-0.045419
-0.060622
-0.002252
0.059860
-0.041463
0.008128
-0.036071
-0.125561
-0.004463
0.020517
-0.077951
0.014077
-0.050883
-0.143671
-0.184603
-0.028082
-0.121517
-0.169653
-0.175930
0.152229
-0.208279
0.256541
-0.081146
0.112640
0.025127
-0.131284
-0.225947
-0.135920
-0.114697
0.016370
0.132903
-0.042351
0.121160
-0.052322
0.032454
0.135132
-0.039870
-0.031184
0.063125
-0.060514
0.111901
0.019156
-0.053386
0.088801
-0.012062
0.006028
-0.038812
-0.034069
0.005984
-0.084384
-0.145637
0.049655
-0.128534
0.027345
-0.041661
0.033735
0.024959
0.057962
-0.073754
0.032925
0.035489
