# ANT matrix for MLCDS object.
# Load using MLCDS(data="<filepath>")
-0.366673 -0.159668 -0.062670 -0.337023 -0.289760 -0.105638 0.108650 -0.160841 -0.124606 -0.051244 -0.090634 -0.141928 -0.473039 -0.148940 -0.170971 -0.262864 -0.394472 -0.367262 -0.094344 -0.258315 -0.174788 -0.167927 0.258193 -0.074358 0.173738 0.202560 0.197777 0.084995 -0.286279 -0.267548 -0.132816 -0.114687 -0.076898 -0.088578 -0.076261 0.021087 -0.081455 0.004587 0.245368 0.000884 -0.101764 -0.156057 -0.221383 -0.129209 -0.160342 -0.166554 -0.107202 -0.076990 -0.606906 -0.222914 -0.398991 -0.347877 -0.219723 -0.151791 0.167817 -0.170470 -0.277462 -0.224374 -0.170062 -0.177427 -0.341719 -0.200533 -0.098063 -0.241112
-0.396778 -0.086083 0.106584 -0.282473 -0.430360 -0.111275 0.013320 -0.364948 -0.141257 0.186257 -0.119554 0.115282 -0.444055 0.072895 -0.147382 -0.179525 -0.166194 -0.237534 0.102914 -0.202450 -0.254887 0.083504 0.104930 -0.091421 0.420852 0.633247 0.727664 0.305058 -0.284208 -0.148157 0.190057 -0.047792 0.275348 0.753294 0.799115 0.309378 0.215513 0.703502 0.230223 0.020722 0.282563 0.748324 0.710159 0.226704 -0.020538 0.524610 0.409493 0.022742 -0.444663 0.175207 -0.286791 -0.120997 -0.279498 -0.254686 0.215701 -0.260651 -0.305209 0.000807 0.023330 -0.179598 -0.135542 0.009607 -0.007659 -0.099839
-0.123296 0.167178 0.279498 -0.058441 -0.277091 0.042920 0.428130 -0.185015 -0.181592 0.160683 0.101237 -0.102949 -0.121541 0.229735 0.240036 0.022384 -0.218725 0.048598 0.237132 -0.194628 -0.062013 0.162511 0.537825 -0.061215 0.139909 0.796109 0.723383 0.180078 -0.098997 0.019498 0.240662 -0.130219 -0.160564 0.094083 0.262204 -0.011653 -0.256404 0.226296 0.389735 -0.095391 -0.274424 0.046752 -0.000016 -0.171661 -0.292858 -0.125264 0.110876 -0.051425 -0.372347 0.351633 -0.183452 -0.011604 -0.236011 -0.012641 0.476802 -0.173028 -0.226647 -0.106362 0.110848 -0.049851 -0.123144 0.135179 0.042271 -0.098205
-0.650977 -0.471821 -0.425681 -0.574902 -0.309881 -0.099521 0.195895 -0.197228 -0.409051 -0.409818 -0.557870 -0.323531 -0.350461 -0.348441 -0.088373 -0.321636 -0.304207 -0.436896 -0.090007 -0.289286 -0.163012 -0.481081 0.275498 -0.259254 0.303028 0.016004 0.289773 0.124398 -0.357596 -0.428744 -0.162809 -0.170685 -0.247995 -0.143255 -0.181703 -0.117273 -0.168680 0.026176 0.270166 -0.162535 -0.112007 0.019243 -0.122446 -0.053162 -0.089300 -0.174323 0.016067 -0.174788 -0.472808 -0.262250 -0.409275 -0.267237 -0.118307 -0.283647 0.229933 -0.373425 -0.090301 -0.173450 -0.013803 -0.249840 -0.260266 -0.396389 -0.112599 -0.298714
-0.369772 -0.294122 -0.200260 -0.275212 -0.019024 0.137809 0.554681 -0.088262 0.054435 0.171745 0.178892 0.198259 -0.476035 -0.214835 -0.133503 -0.305652 -0.458728 -0.466824 -0.294245 -0.502758 0.068958 -0.029891 0.466406 -0.171701 0.065967 0.147317 0.342309 -0.019312 -0.216049 -0.395086 -0.085958 -0.357297 -0.143678 -0.060225 -0.217618 -0.001593 0.096316 0.165325 0.615660 0.095346 -0.086918 -0.228367 -0.236355 -0.151151 0.076756 -0.016010 0.107049 0.038362 -0.538207 -0.293519 -0.452403 -0.522696 0.155836 0.112948 1.000920 -0.179079 -0.216604 -0.174683 -0.101838 -0.295942 -0.267545 -0.226889 0.148744 -0.281996
0.019276 0.104880 0.267535 -0.112881 -0.190800 0.277208 0.163101 -0.143077 0.135671 0.269958 0.099186 0.297037 -0.310377 0.248057 -0.022462 -0.067568 -0.162311 -0.162154 -0.056495 -0.170203 0.146091 0.465964 0.446931 0.136176 0.350236 0.547512 0.429923 0.336397 -0.103341 0.067986 0.130203 -0.102898 0.409796 1.000499 0.826449 0.498726 0.624554 0.815147 0.407028 0.780174 0.875516 0.875086 0.858285 0.499024 0.315649 0.478607 0.386208 0.299285 -0.421001 0.076975 -0.404546 -0.180857 0.005577 -0.030810 0.192682 -0.092300 0.065061 0.279483 0.260716 0.113298 -0.121125 0.183808 -0.276395 -0.051953
0.230967 0.194968 0.343247 0.259263 0.871300 1.011441 1.414366 0.583655 0.784457 0.970689 0.872123 0.713917 0.251409 0.298071 0.642096 0.254677 0.136337 0.228485 0.265698 -0.000657 0.720864 0.508700 0.937158 0.285985 0.378796 0.539720 0.655903 0.017459 0.203956 0.372434 0.409823 0.080633 0.248017 0.681627 0.387138 0.132743 0.728675 0.953816 1.128047 0.581538 0.452445 0.863387 0.358405 0.263215 0.102411 0.472480 0.420061 0.070539 -0.342371 0.384187 -0.169468 -0.049437 0.536594 0.500052 0.614457 0.313078 0.183484 0.512597 0.494335 0.117494 -0.046932 -0.021257 0.042650 -0.007390
-0.417630 -0.509044 -0.557386 -0.405660 0.083022 0.396833 0.919551 0.037850 -0.330410 -0.172205 -0.495095 -0.085508 -0.216024 -0.103039 0.158544 -0.147550 -0.308857 -0.374678 -0.172593 -0.346963 -0.151289 -0.107410 0.255002 -0.298502 0.369285 0.336549 0.337001 0.249811 -0.365299 -0.317497 -0.185585 -0.236288 -0.190985 -0.197339 -0.412257 -0.128500 -0.240073 0.075512 0.183299 -0.013995 0.129655 0.075007 -0.102449 0.054332 -0.143646 -0.031919 0.014041 -0.116017 -0.305084 -0.165541 -0.294807 -0.166777 0.055842 -0.067534 0.812063 -0.177698 -0.127750 -0.248419 -0.069724 -0.089099 -0.202626 -0.243755 0.013188 -0.152255
-0.161692 -0.062297 -0.101344 -0.134327 0.001799 0.101351 0.696909 0.019429 0.157478 0.248210 0.177194 0.102787 -0.239592 -0.190685 -0.087233 -0.029945 -0.230766 -0.270957 -0.202571 -0.202378 -0.052071 0.123629 0.643632 0.039870 0.489461 0.467303 0.167211 0.094064 -0.216400 -0.176011 -0.205166 -0.146814 -0.127468 -0.331461 -0.348720 -0.137436 0.059691 0.164823 0.613392 0.031750 0.089921 -0.052286 -0.208439 -0.160094 -0.204971 -0.099150 -0.117492 -0.080545 -0.247141 -0.059077 -0.233294 -0.088320 0.062516 0.398991 0.742072 0.038556 0.202291 0.156525 -0.004296 0.067626 -0.131165 -0.060533 0.115833 -0.095103
-0.149154 0.111841 0.023311 -0.209144 -0.029274 0.224218 0.374354 -0.083118 0.172134 0.642485 0.234382 0.392439 -0.310243 0.085309 -0.039045 -0.119211 -0.009145 -0.100035 0.128408 -0.078953 0.114385 0.383051 0.771003 0.179087 0.467600 0.831118 0.705661 0.406107 -0.210000 -0.233937 -0.024359 -0.013033 0.539378 0.958012 0.734302 0.058425 0.720835 0.831681 0.754113 0.756244 0.762497 1.157772 0.867971 0.409884 0.102203 0.331539 0.452791 0.304886 -0.309544 0.072394 -0.189083 -0.016472 0.084728 0.053387 0.605224 0.024229 0.118053 0.450455 0.277038 0.136532 -0.203932 -0.010349 -0.183664 -0.038908
-0.166335 -0.042515 -0.065608 -0.161542 -0.069109 0.283777 0.666011 -0.005964 0.111491 0.479019 0.310347 0.053094 -0.203321 0.002100 0.102019 -0.178402 -0.289203 -0.198197 -0.174985 -0.341841 0.093943 0.291283 0.488959 0.054922 0.329414 0.400142 0.482413 -0.103364 -0.164698 -0.101496 -0.236056 -0.144179 -0.259651 -0.161932 -0.235842 -0.300818 0.006858 0.271240 0.451946 -0.019093 -0.135123 0.048425 0.229686 -0.164705 -0.212662 -0.169441 -0.131615 -0.267090 -0.566438 -0.128939 -0.282069 -0.321324 -0.211526 0.043606 0.219885 -0.260703 -0.153585 0.154366 0.190762 -0.013565 -0.209390 -0.037509 -0.218215 -0.200203
-0.329321 -0.251416 -0.491226 -0.324173 0.263010 0.509401 1.038806 0.287415 -0.222462 -0.389613 -0.429904 0.033536 -0.003819 0.111499 0.307121 0.059592 -0.202159 -0.168094 0.052520 -0.137472 -0.054206 0.025360 0.514057 0.010131 0.507615 0.597533 0.648968 0.359861 -0.278886 -0.326635 -0.096419 -0.148812 -0.037404 0.030354 -0.299278 -0.048564 -0.064538 0.383493 0.451948 -0.138315 0.240157 0.053898 0.079189 0.155933 0.050814 0.000384 0.107591 -0.020510 -0.288343 0.050374 -0.164293 -0.129746 0.129206 0.235010 0.594551 -0.046926 -0.019690 0.033763 0.060916 0.021691 -0.049697 -0.279592 0.141076 -0.097666
-0.532958 -0.404023 -0.241212 -0.618184 -0.405788 -0.278834 -0.351451 -0.286759 -0.412933 -0.181010 -0.321630 -0.367499 -0.628791 -0.479989 -0.168022 -0.425636 -0.313171 -0.435578 -0.099959 -0.426275 0.018791 -0.135660 0.632992 -0.103250 0.137579 0.061322 0.187347 -0.071035 -0.256767 -0.190121 0.073479 -0.130124 -0.315111 -0.300628 -0.311952 -0.269729 -0.289448 -0.164400 -0.144223 -0.295086 -0.461551 -0.422644 -0.492592 -0.504996 -0.285142 -0.189666 -0.120044 -0.231258 -0.323676 -0.378901 -0.268510 -0.206288 -0.131359 -0.135657 0.320127 -0.308380 -0.078756 -0.175638 -0.039708 -0.309071 -0.284252 -0.213327 -0.119168 -0.238166
-0.104086 0.213468 0.264673 -0.254966 -0.328056 -0.006841 0.086505 -0.310996 0.036176 0.100264 -0.038597 0.131096 -0.343478 0.130507 0.029712 -0.120888 -0.138274 -0.114598 0.199328 -0.258310 -0.223826 0.192288 0.320465 -0.215481 0.842613 0.855841 0.818317 0.207997 -0.229828 -0.017145 0.180251 -0.208919 0.743147 1.448891 1.246066 0.460820 0.260104 0.838328 0.357855 0.174268 0.548884 0.793858 0.835691 0.465231 0.209100 0.904180 0.831756 0.234610 -0.389126 0.027433 -0.507502 -0.211495 -0.408063 -0.050111 -0.242729 -0.395609 -0.319935 -0.126582 -0.098201 -0.216185 -0.223896 0.007142 -0.320657 -0.132350
-0.067132 0.071485 0.228658 -0.152504 0.047325 0.300502 0.706212 -0.134048 -0.222667 0.174417 0.067579 -0.079422 -0.046773 -0.004476 0.412430 -0.186544 -0.218609 -0.070310 0.129364 -0.316312 0.120291 0.203847 0.555739 -0.140780 0.303763 0.386282 0.662009 0.095959 -0.122894 -0.064632 0.218719 -0.206150 -0.068123 0.246359 0.050943 -0.128799 0.081921 0.231242 0.530665 0.099264 -0.153845 0.247287 0.021781 -0.082423 -0.159346 0.039795 0.098513 -0.130844 -0.302537 0.150127 -0.138429 -0.121062 -0.070877 0.064290 0.686854 -0.184700 -0.280880 -0.043068 0.215554 -0.166564 -0.160345 -0.017851 -0.130690 -0.138320
-0.333795 -0.381878 -0.275031 -0.399080 -0.376350 -0.076917 0.262354 -0.077814 -0.319058 -0.461115 -0.529308 -0.268474 -0.344119 -0.196007 0.029058 -0.275468 -0.347738 -0.237737 0.129887 -0.316148 -0.186300 -0.202842 0.407293 -0.254266 0.587403 0.364666 0.327189 0.256207 -0.432970 -0.465787 -0.172347 -0.282820 0.048676 0.241255 0.009955 0.017654 -0.154842 0.200214 0.242612 -0.103965 0.053362 0.196893 -0.017515 0.043125 -0.203714 -0.151090 -0.103610 -0.208683 -0.252521 -0.306272 -0.164426 -0.237212 -0.315445 -0.359475 0.342384 -0.342520 -0.148489 -0.120510 -0.133664 -0.198771 -0.253032 -0.395964 -0.082540 -0.237029
-0.222801 -0.227965 -0.110282 -0.247561 -0.264273 -0.070931 0.307952 -0.207348 0.059170 0.063697 -0.178591 -0.224662 -0.444574 -0.208868 -0.157537 -0.256197 0.066932 -0.054880 0.135411 -0.037554 0.027692 0.125586 0.736964 0.004327 0.916697 0.650414 0.887221 0.576607 0.012975 -0.101979 -0.018695 -0.009753 0.143930 -0.069717 0.010485 0.163233 0.124645 0.158004 0.468426 0.115545 0.242083 0.168738 0.029704 -0.001409 0.055245 0.053941 0.064818 0.090040 -0.498094 -0.087306 -0.463340 -0.314748 -0.323898 -0.333801 0.361721 -0.442549 0.011140 0.101598 0.064738 -0.139720 -0.465003 -0.358623 -0.126455 -0.369290
-0.386746 -0.063086 -0.037007 -0.399871 -0.528073 -0.157841 0.043793 -0.195810 -0.184416 -0.002092 -0.139532 -0.092150 -0.576314 -0.153361 -0.468996 -0.318786 0.263248 0.050649 0.138406 0.024102 -0.179401 0.264748 0.412141 0.055445 0.702912 0.367212 0.654516 0.338497 -0.215150 -0.028076 0.031042 -0.086541 0.049169 0.648711 0.366841 0.152343 0.130503 0.169395 0.326760 0.319139 0.428256 0.594431 0.483158 0.230220 -0.183027 0.371863 -0.007237 -0.083245 -0.368428 0.176393 -0.258417 -0.204768 -0.301292 -0.278470 0.312892 -0.375793 -0.191644 -0.191420 0.016213 -0.144362 -0.393070 -0.127281 -0.361040 -0.276627
-0.043430 0.075947 0.102891 -0.048829 -0.061728 0.252449 0.355167 -0.065174 -0.124676 0.145682 -0.019209 -0.109910 0.006048 0.305088 0.147755 0.096090 0.122514 0.062648 0.535050 0.075832 0.174397 0.365228 0.805151 -0.181812 0.882636 0.783945 0.962981 0.439439 -0.036622 0.158884 0.385200 -0.026551 -0.109936 0.147847 0.133299 -0.087391 -0.176455 0.283210 0.158161 -0.191993 -0.147495 0.127043 0.032341 -0.138972 -0.295390 0.010131 0.029775 -0.097110 -0.293039 0.626070 -0.038151 0.360530 0.141619 0.177608 0.651230 -0.136682 0.087353 0.364446 0.160613 0.149196 -0.021979 0.290968 0.157928 0.072529
-0.517098 -0.473934 -0.467207 -0.515341 -0.325394 -0.000363 -0.141141 -0.063048 -0.312964 -0.278066 -0.506681 -0.319423 -0.465678 -0.200049 -0.346259 -0.357316 0.296149 0.069816 0.094872 0.156899 0.038916 0.077546 0.975471 0.124666 1.515466 0.665250 0.937545 0.882324 -0.109225 -0.198198 -0.244709 -0.082765 0.006705 -0.069757 -0.284567 -0.154901 -0.106587 -0.090106 0.425194 -0.034930 0.061210 0.161253 -0.050462 -0.020370 -0.231482 0.001012 -0.368007 -0.191409 -0.160671 -0.039001 -0.363026 -0.278241 -0.234057 -0.156083 0.389592 -0.383173 0.287277 0.151633 0.217959 -0.079007 -0.295105 -0.344443 -0.199311 -0.311858
-0.028736 0.029895 0.025202 -0.241231 0.065012 0.184077 0.710444 0.011046 0.133947 0.241085 0.199153 0.075450 -0.304196 -0.266734 0.240964 -0.265464 -0.169439 -0.128984 0.015469 -0.319681 0.121911 0.147922 0.437836 0.059662 0.490650 0.233351 0.522969 0.067201 -0.147614 -0.126790 -0.145777 -0.237962 0.033264 0.130649 0.111374 0.215067 0.227076 0.126558 0.783232 0.101872 0.042729 -0.017233 0.050267 -0.056376 0.241119 0.131235 0.290063 0.179453 -0.550286 -0.082790 -0.214343 -0.223110 0.150446 0.222597 0.876492 -0.205564 0.001440 0.050866 0.242036 -0.286822 -0.182426 -0.194966 0.192520 -0.296785
-0.225649 0.123155 0.104270 -0.063993 -0.139879 0.113075 0.281934 -0.162264 0.109507 0.114149 -0.041072 0.115883 -0.401039 0.072090 -0.012686 -0.238583 0.218186 0.173312 0.289585 0.055016 0.385939 0.641299 0.898444 0.486462 0.753322 0.725300 0.741529 0.343871 0.074322 0.246631 0.390785 -0.031764 0.420950 0.654723 0.710609 0.459689 0.653269 0.536176 0.784861 0.633334 0.744895 0.560491 0.493221 0.410693 0.214447 0.237904 0.584491 0.299149 -0.368411 0.350782 -0.292855 -0.004205 0.112600 0.130104 0.546910 -0.027544 0.139906 0.303470 0.360568 0.013399 -0.222610 0.098877 -0.186728 -0.146257
0.457391 0.394507 0.403637 0.434775 0.957588 0.659412 1.423032 0.678379 0.770499 0.994108 0.724957 0.538393 0.467867 0.305773 0.860368 0.404464 0.825141 0.607929 0.644652 0.931677 0.816959 0.566076 1.199246 0.475329 0.575338 0.696857 0.865804 0.756983 0.776419 0.709618 0.798964 0.574062 0.626981 0.784067 0.850765 0.783349 0.790697 0.683460 1.107959 0.582844 0.721650 0.731000 0.719247 0.236972 0.076214 0.354368 0.379541 0.344701 0.058844 0.639816 0.341445 0.195966 0.533399 0.527406 0.775399 0.048236 0.263350 0.716410 0.646465 0.343667 0.116848 0.468276 0.223975 0.080659
-0.310169 -0.534510 -0.521724 -0.444759 0.229237 0.208226 0.867602 0.071273 -0.296113 -0.281445 -0.524059 -0.273061 -0.161721 -0.116761 0.235526 -0.199694 0.059523 -0.050582 -0.097141 0.029064 0.011536 -0.216302 0.339906 0.013993 0.482396 0.341072 0.405718 0.231644 -0.103751 -0.145399 -0.116055 -0.004902 0.093338 0.010986 -0.089238 0.055948 0.184933 0.027394 0.754175 0.178333 0.345451 0.238011 0.025432 0.276295 -0.212122 0.099509 0.093124 -0.069062 -0.242268 0.059980 -0.308895 -0.133108 0.119857 -0.004419 0.774056 -0.087353 -0.305406 -0.076087 -0.172311 -0.219516 -0.149354 -0.225631 0.060163 -0.156091
0.501726 0.288959 0.403314 0.248755 0.131779 0.473119 0.655553 -0.048552 0.589513 0.501021 0.132850 0.256872 0.089430 0.587344 0.462157 0.342138 0.939408 0.801473 0.898179 0.941759 0.922208 0.757138 1.075094 0.727901 1.743771 1.176667 1.248956 1.312531 0.807363 0.416363 0.611614 0.474798 0.905919 0.486024 0.795867 0.752010 1.017329 0.897695 1.143448 0.887442 1.023348 0.664264 0.618381 0.540032 0.331546 0.699375 0.795551 0.583279 0.229945 0.727417 -0.109795 0.580283 0.362133 0.134870 0.401293 -0.178406 0.771213 0.709360 0.568796 0.538293 0.323361 0.056931 0.394186 0.096769
0.388373 0.585263 0.967087 0.136861 0.264633 0.437541 0.571273 0.296643 0.391720 0.772971 0.330013 0.378655 -0.114961 1.007859 0.525166 0.346390 0.824554 0.661303 0.869501 0.585350 0.351781 0.642832 0.550682 0.600166 1.046754 1.194322 1.113104 0.751072 0.617663 0.294242 0.528219 0.506175 -0.260323 0.899533 0.693656 0.190258 0.466877 0.607311 0.645387 0.816827 0.649938 0.974124 0.743759 0.305288 0.693893 0.540618 0.558956 0.161577 -0.422265 1.265504 -0.072196 0.797779 0.598671 0.559335 0.797468 0.270473 0.366003 0.869879 0.721405 0.471158 0.230466 0.653073 -0.118967 0.249823
0.420104 0.719232 0.580830 0.270562 0.675295 0.897300 0.863227 0.435337 0.622480 0.876541 0.648578 0.411067 0.311019 0.383536 0.617243 0.400621 0.829125 0.662399 0.958597 0.778151 0.812079 0.976337 1.058191 0.385126 0.975711 1.168103 1.596642 0.980684 0.449855 0.463297 0.917932 0.361237 0.555828 0.861279 0.672637 0.523876 0.795559 1.086188 0.707975 0.553383 0.541008 0.771726 0.686509 0.135138 0.328309 0.463207 0.391180 -0.058164 -0.308878 0.745556 -0.014615 0.441403 0.579471 0.554011 0.611912 0.065622 0.190293 0.596913 0.478298 0.294705 0.100013 0.346054 0.281452 0.180152
0.023161 -0.059831 -0.104109 -0.120568 0.305635 0.713913 1.087847 0.339893 -0.024904 0.278577 -0.050649 0.082683 -0.211652 0.384169 0.228617 0.192189 0.869374 0.483152 0.479127 0.686976 0.470245 0.447207 0.712549 0.483781 0.540812 0.790870 0.726396 0.880682 0.451869 0.000474 0.321812 0.269415 0.361587 0.264009 -0.045462 0.022612 0.597964 0.503495 0.867387 0.657701 0.658257 0.657671 0.454727 0.422675 0.299144 0.419444 0.313491 0.189114 -0.171769 0.363778 -0.112697 0.144472 0.144443 0.303199 0.519839 0.058224 0.043133 0.277838 0.058044 0.096855 0.033922 0.049669 0.316790 -0.060414
-0.418635 -0.250170 -0.091824 -0.428801 -0.490211 -0.411058 -0.161380 -0.540859 -0.465804 -0.408825 -0.499895 -0.491298 -0.531314 -0.398441 -0.191294 -0.577273 0.135662 0.170863 0.127012 0.157053 0.300283 0.207616 1.171009 0.134987 1.345270 0.803556 0.940462 0.555782 -0.138267 -0.113902 0.022521 -0.010886 -0.321912 -0.283989 -0.199495 -0.401097 -0.288875 -0.176613 0.006304 -0.360595 -0.573258 -0.502118 -0.327665 -0.713015 -0.255589 -0.281307 0.064604 -0.300188 -0.299104 -0.112398 -0.208087 -0.139883 -0.140331 -0.121208 0.701292 -0.418531 0.372762 0.209726 0.193026 -0.090388 -0.264085 -0.191093 -0.111975 -0.264876
-0.367333 0.151255 -0.026540 -0.322372 -0.405888 -0.082853 -0.077889 -0.505702 -0.020004 -0.122340 -0.079985 -0.000115 -0.443154 0.037222 -0.183922 -0.310507 -0.001232 -0.074089 -0.039675 -0.170072 -0.317878 0.108805 0.074365 -0.154541 0.682394 0.257439 0.474814 0.141203 -0.140155 0.014545 -0.201668 -0.200057 0.101092 0.417651 0.567972 0.166801 0.424525 0.451059 0.344022 0.154827 0.589614 0.301893 0.413012 0.390327 0.314532 0.323610 0.123178 0.026253 -0.483238 0.032863 -0.422251 -0.199021 -0.277766 -0.140135 0.208291 -0.481317 -0.166942 -0.162718 0.019083 -0.276592 -0.272797 0.081488 -0.253728 -0.251474
-0.169819 0.035925 0.213890 -0.270438 -0.038698 0.050091 0.578828 -0.269640 -0.392404 0.096865 -0.128247 -0.312772 -0.173674 0.091414 0.203177 -0.274177 -0.220039 0.053942 0.266757 -0.116308 0.019063 0.345647 0.707409 -0.236405 0.434759 0.810635 0.813935 0.247043 -0.033711 0.154970 0.498026 -0.165035 -0.032064 0.400746 0.353894 0.071858 0.054750 0.441131 0.711246 0.062039 -0.291803 0.162679 0.193975 -0.248629 0.006350 0.021301 0.519614 -0.032764 -0.419404 0.209552 -0.245430 0.002041 0.029070 0.217680 0.350336 -0.288927 -0.107329 0.186748 0.267646 -0.089395 -0.108760 -0.055345 -0.065218 -0.161016
-0.240109 -0.341913 -0.270053 -0.303437 -0.123231 0.025233 0.049064 -0.171588 -0.276047 -0.283562 -0.581733 -0.190237 -0.192370 -0.211189 -0.029234 -0.213512 0.051895 0.024172 0.111282 0.033586 -0.037706 -0.135867 0.646603 -0.062388 1.210625 0.482987 0.662221 0.682193 -0.151190 -0.121210 -0.143535 -0.120167 -0.220291 -0.254533 -0.413895 -0.160509 -0.128051 -0.180478 0.304135 -0.327872 -0.148804 -0.204946 -0.189338 -0.078948 -0.210596 -0.189157 -0.160325 -0.205196 -0.203404 -0.046079 -0.158795 -0.222568 -0.222555 -0.294317 0.072362 -0.392214 0.164293 0.001885 -0.015373 0.017482 -0.172524 -0.303980 -0.088645 -0.162332
-0.066178 -0.096374 -0.051088 -0.049769 -0.189914 -0.100031 0.144589 -0.123945 -0.079893 0.047284 -0.164520 0.061153 -0.284447 0.027155 -0.215193 0.029372 0.001550 -0.237536 0.108229 0.030026 0.001000 -0.085712 0.713511 0.178375 0.990806 0.412479 0.745321 0.518525 -0.075151 -0.167841 -0.054501 0.071239 0.266898 -0.018242 0.150322 0.364085 0.094689 0.162102 0.737114 0.181307 0.101219 0.077377 0.006687 0.132089 0.131895 -0.094559 0.008081 0.127530 -0.589957 -0.013805 -0.523488 0.016352 -0.213929 -0.052466 0.077811 -0.123325 -0.279618 -0.049772 -0.063108 0.129325 -0.156683 -0.067090 -0.062821 -0.060982
-0.142549 0.192025 0.262955 -0.139782 -0.358877 0.188040 0.250339 -0.145556 -0.110061 0.325484 -0.170310 0.267322 -0.391963 0.288188 -0.003873 -0.002779 0.158531 0.128756 0.244753 0.200501 0.094996 0.450471 0.615662 0.168057 0.947524 0.999092 0.957013 0.492824 -0.078344 0.028819 0.391506 0.044674 0.455839 1.208693 1.059008 0.805870 0.259744 0.875313 0.587541 0.627739 0.380636 1.011021 0.396360 0.557924 0.096018 0.480299 0.651248 0.133360 -0.588609 0.163775 -0.376535 0.220554 -0.324337 -0.057148 0.480689 -0.123947 -0.274876 0.026783 -0.009102 0.031136 -0.102576 -0.000941 -0.105490 -0.083336
-0.141744 0.135026 0.264651 -0.148141 -0.314338 0.015267 0.152969 -0.224255 -0.322092 0.189410 -0.203568 0.025769 -0.315208 0.247413 -0.025172 -0.126319 -0.023031 0.179932 0.472846 -0.021652 -0.087578 0.349837 0.619791 0.117049 0.748891 0.928090 1.088010 0.553582 -0.001204 0.217387 0.446163 -0.041693 0.070592 0.283966 0.540218 0.147104 -0.184545 0.191380 0.516427 -0.121298 -0.235602 0.347066 0.033002 -0.086683 -0.302926 -0.110179 0.251711 -0.247226 -0.511286 0.519873 -0.623528 0.260021 -0.191724 0.063642 0.515139 -0.206685 -0.296310 -0.083011 0.136217 0.063049 -0.211527 0.141159 -0.064609 -0.100193
-0.215402 -0.113024 -0.145080 -0.185561 -0.210752 0.118039 0.222863 0.044973 -0.231297 -0.029791 -0.444900 0.045504 -0.178154 0.118997 -0.061761 -0.038730 0.185368 -0.269696 0.167671 0.024214 0.038147 0.240917 0.657029 0.141131 1.110952 0.450347 0.705279 0.773360 -0.083071 -0.243522 -0.098872 -0.122564 0.325227 0.399509 0.226091 0.496170 0.014629 0.283684 0.413694 0.256680 0.054288 0.280858 0.073074 0.024454 0.053590 0.103806 0.104150 0.178823 -0.431490 -0.367001 -0.494222 0.044965 -0.178600 -0.150848 0.514458 -0.184553 0.136503 -0.027195 0.011137 -0.132369 -0.142983 -0.234819 -0.152261 -0.057696
-0.074454 -0.108424 -0.073120 -0.233925 0.025291 -0.098706 0.709719 0.038360 0.081258 0.235266 0.054978 0.063153 -0.243947 -0.450786 -0.112652 -0.297865 0.028056 -0.136068 -0.002116 -0.152767 0.199945 0.139340 0.821474 0.123816 0.573003 0.454756 0.488222 0.091176 0.136475 -0.182314 0.022752 -0.099016 0.144427 0.189854 0.007443 0.219168 0.535495 0.410365 1.035799 0.467187 0.201356 0.265751 0.013654 0.113639 0.247725 0.233955 0.135165 0.273887 -0.490537 -0.061441 -0.458979 -0.257993 0.188082 0.189902 1.026469 -0.021491 -0.173079 -0.003350 -0.036717 -0.107787 -0.098053 -0.235832 0.107991 -0.190565
0.205540 0.267520 0.273485 -0.015547 -0.024227 0.227155 0.492548 -0.072203 0.169540 0.409293 0.080457 0.339420 -0.153944 0.323217 0.202175 0.001801 0.181048 0.155739 0.172535 0.076149 0.319126 0.759551 0.755404 0.332703 0.955194 0.771686 0.683297 0.643951 0.180550 0.311885 0.423488 0.136092 0.470654 1.038034 0.688776 0.659682 0.864296 1.117850 1.021864 0.820243 0.905356 0.954513 0.644158 0.469850 0.509540 0.695053 0.630011 0.283693 -0.544537 0.437729 -0.380318 0.143945 -0.211874 -0.166529 0.230923 -0.052582 0.037644 0.250110 0.103651 -0.013256 0.020735 0.204723 -0.025231 -0.014547
0.144895 0.271782 0.205794 0.458759 0.645897 0.857479 1.212802 0.456178 0.656227 0.857933 0.615350 0.654391 0.233125 -0.243124 0.550815 -0.108742 0.769330 0.373302 0.541406 0.783769 0.715130 0.581118 1.065185 0.587805 0.552220 0.661315 0.728868 0.547174 0.943327 0.674050 0.854743 0.515565 0.618624 0.789806 0.704800 0.423656 1.033020 1.099373 1.567102 0.943867 0.856484 0.852722 0.608096 0.409070 0.662693 0.424351 0.364784 0.347155 -0.009679 0.628385 -0.047947 0.541658 0.503777 0.460837 0.719763 0.288993 -0.045469 0.544737 0.388579 0.406535 0.201945 0.190698 0.080795 0.145775
-0.115741 -0.398535 -0.366386 -0.473536 0.328119 0.425934 1.125242 0.028224 -0.100327 -0.127160 -0.463112 -0.073164 -0.107656 0.044092 0.289572 -0.080924 0.085215 -0.346697 0.131150 0.010078 0.090090 0.103152 0.526664 0.059093 0.700220 0.658042 0.782482 0.331094 0.047199 -0.012712 0.011952 0.025040 0.153951 0.221930 -0.026727 0.187141 0.390791 0.487265 0.875237 0.586741 0.324238 0.554985 -0.019511 0.319033 0.040358 0.205863 0.226962 0.093819 -0.376311 -0.091455 -0.460167 0.015382 0.058111 -0.013198 0.741895 -0.048579 -0.313260 -0.184446 -0.155539 -0.162907 -0.057675 -0.230240 0.070000 -0.036618
-0.011798 -0.200134 -0.110421 -0.064035 0.027166 0.087249 0.540493 -0.053583 0.103349 0.048257 -0.160207 0.020680 -0.272120 -0.092764 -0.131917 -0.092285 0.171518 -0.086725 0.179823 0.139030 0.357173 0.342227 0.870861 0.417604 1.147620 0.573280 0.734345 0.558875 -0.141415 -0.000550 0.039024 0.049920 0.250711 0.157936 0.006147 0.261539 0.336592 0.330104 0.932444 0.528596 0.436440 0.075591 0.050131 0.169023 0.181010 0.034071 -0.145893 -0.013956 -0.306490 -0.094321 -0.235840 0.034651 -0.077115 0.098756 0.720770 -0.053001 0.322534 0.063610 0.031103 0.145377 -0.482891 -0.178982 -0.193056 -0.048574
-0.044873 0.109345 0.139081 -0.226088 -0.200139 0.268928 0.328853 -0.005477 -0.011802 0.535362 -0.065459 0.243432 -0.348685 0.270060 -0.149822 -0.021554 0.258076 0.334903 0.235299 0.383835 0.286142 0.615373 0.948900 0.481439 0.811214 1.017814 0.637878 0.904598 0.108301 -0.031156 0.339018 0.284602 0.231563 0.604516 0.708808 0.432312 0.483488 0.722968 0.610446 0.742575 0.540604 1.375732 0.523988 0.692554 0.304558 0.635006 0.171748 0.201057 -0.528284 0.624630 -0.349725 0.246947 -0.322524 0.193944 0.574559 0.115244 -0.061245 0.458507 0.051082 0.154917 -0.224900 0.113582 -0.166913 0.044545
-0.156597 0.024780 -0.074065 -0.127689 -0.006995 0.349548 0.509407 -0.090721 -0.076694 0.326302 -0.169979 -0.060447 -0.244741 -0.004115 -0.027180 -0.442998 0.030555 0.207667 0.234665 0.162934 0.370236 0.584576 0.895289 0.344084 0.567220 0.663697 0.567559 0.365965 0.167131 0.081930 0.266612 0.007108 -0.104130 0.294300 0.160829 0.015642 0.122631 0.628273 0.521122 0.258052 0.142253 0.596284 0.344966 0.113849 -0.220622 0.037679 0.110568 -0.252789 -0.433023 0.109358 -0.332065 -0.069159 -0.062689 0.047069 0.290673 -0.191900 -0.071141 0.126481 0.033462 -0.058235 -0.282321 -0.293216 -0.182567 -0.244817
-0.284362 -0.325366 -0.744688 -0.390091 0.065065 0.208145 0.677055 0.029604 -0.197923 0.050193 -0.536198 -0.017966 -0.247775 0.070366 -0.146478 -0.124456 0.122815 0.007821 -0.089111 0.209681 0.146344 0.101041 0.527867 0.115030 0.412022 0.443202 0.280265 0.385007 -0.151260 -0.395223 -0.093175 -0.241520 0.122123 0.138030 -0.251896 0.021882 0.157077 0.211897 0.554916 0.372010 0.333567 0.319135 0.038653 0.408000 0.036758 0.202260 -0.000579 0.101575 -0.420530 0.072878 -0.432365 0.091596 -0.223824 0.004178 0.788414 -0.059195 -0.099205 -0.181399 -0.042326 -0.069290 -0.112179 -0.325882 -0.035065 -0.032165
-0.234773 -0.262520 -0.086675 -0.276232 -0.424017 -0.165032 -0.283469 -0.275856 -0.498973 -0.424128 -0.418353 -0.592439 -0.324216 -0.565449 -0.089315 -0.365968 0.225091 0.137552 0.265614 0.125664 0.348547 0.134270 1.032894 0.290402 1.222370 0.957965 0.947362 0.581453 0.106485 0.087168 0.230478 0.127534 -0.140681 -0.114732 -0.320311 -0.123992 0.071003 0.046660 0.071299 -0.507266 -0.424854 -0.361036 -0.332991 -0.484602 0.032378 -0.333196 0.116801 -0.102216 -0.203091 -0.152658 -0.024356 -0.004792 0.071624 0.057500 0.698975 -0.103481 0.238233 0.149475 0.241844 -0.031101 -0.012373 -0.068960 0.001757 -0.097878
-0.119465 0.288769 0.102224 -0.126708 -0.234995 0.139095 0.370658 -0.137988 0.068783 0.245342 -0.211413 0.136726 -0.237759 0.271525 0.023286 -0.055495 0.080095 0.120280 0.181875 -0.038141 -0.020727 0.239950 0.743985 0.026369 0.921737 0.561234 0.650218 0.452720 0.026386 0.056084 0.204440 -0.088452 0.424739 0.465231 0.565714 0.276390 0.426977 0.456005 0.519810 0.439238 0.770709 0.452988 0.569135 0.546770 0.118624 0.655719 0.412917 0.323529 -0.395168 0.060525 -0.389048 -0.152730 -0.404020 -0.211646 -0.163463 -0.324090 -0.084476 0.001552 -0.111596 -0.011582 -0.240643 -0.004516 -0.352250 -0.191788
-0.103798 0.107884 0.206482 -0.090192 -0.055678 0.196899 0.438316 -0.233772 -0.423910 -0.144763 -0.188904 -0.428334 -0.167625 -0.155372 0.132615 -0.206558 -0.021889 0.126470 0.180056 -0.063704 0.156498 0.484914 0.803590 -0.001902 0.415192 0.777627 0.822255 0.248304 -0.045082 0.179516 0.314083 -0.129530 0.113111 0.638187 0.432706 0.175242 0.125703 0.559168 0.451124 0.111115 0.043513 0.396502 0.147411 -0.107782 0.005612 0.278435 0.401919 0.069794 -0.124273 0.298888 -0.188701 0.085487 -0.017636 0.182616 0.407605 -0.054184 -0.166643 0.198420 0.122287 0.000593 -0.184586 0.060862 -0.054186 0.008288
-0.210091 -0.258405 -0.344379 -0.196158 -0.029519 0.044566 0.563447 -0.027379 -0.126368 -0.220302 -0.516620 -0.156698 -0.182160 -0.060665 0.037989 -0.142919 -0.165128 -0.112407 0.275564 -0.029688 0.046837 -0.024104 0.838067 0.003997 0.742003 0.879771 0.615527 0.635717 -0.102021 -0.165512 -0.108991 -0.092688 -0.073494 0.068156 -0.286764 0.168778 -0.098585 -0.195237 0.360886 -0.032904 0.067048 0.033284 -0.143730 0.074529 0.022703 -0.067626 -0.014204 -0.157195 -0.226593 0.103923 -0.143976 -0.099611 -0.266483 -0.348183 0.228574 -0.239666 0.157333 0.038200 0.086363 -0.012850 -0.179999 -0.234480 -0.046375 -0.015903
-0.381387 -0.305869 -0.263767 -0.476473 -0.405994 -0.245437 0.104399 -0.307492 -0.058869 -0.158790 -0.157380 -0.184851 -0.472822 -0.434576 -0.355516 -0.445464 -0.407362 -0.610470 -0.229515 -0.416797 -0.329374 -0.266422 0.292502 -0.351565 -0.188293 -0.500289 -0.042894 -0.314378 -0.295068 -0.506167 -0.358569 -0.181898 -0.328397 -0.519048 -0.454105 -0.447380 -0.334272 -0.417408 0.196679 -0.328114 -0.204237 -0.397718 -0.446206 -0.404667 -0.447558 -0.367728 -0.406832 -0.338236 -0.568853 -0.468556 -0.304218 -0.434583 -0.393108 -0.601147 0.222061 -0.487460 -0.095615 -0.095351 -0.048871 -0.199161 -0.531145 -0.404425 -0.305489 -0.426925
-0.197269 0.214317 0.251450 -0.266583 -0.253347 0.205008 0.440173 -0.241260 -0.010516 0.200289 -0.262090 -0.008959 -0.442561 0.282699 -0.123361 -0.181652 0.122005 0.125694 0.363193 -0.036863 -0.105411 0.179354 0.663060 -0.058142 0.748856 1.216784 1.125450 0.445538 -0.285298 0.143706 0.222505 -0.128529 0.342586 1.069732 1.441418 0.464689 0.161506 1.059875 1.086094 0.131273 0.289512 1.190312 0.534707 0.231835 -0.052848 0.562355 0.541092 -0.080930 -0.474083 0.357564 -0.210281 -0.099132 -0.215317 0.097828 0.233530 -0.255693 -0.182993 0.047548 0.193394 0.139795 -0.321919 0.132747 -0.005748 -0.053189
-0.243851 -0.194962 -0.160360 -0.374650 -0.248902 -0.163062 0.192558 -0.350430 -0.359157 -0.144230 -0.172313 -0.415485 -0.319602 -0.237433 -0.072638 -0.306999 -0.222316 -0.145871 -0.144379 -0.269610 -0.194217 -0.030178 0.279068 -0.364980 0.085593 -0.118916 -0.013820 -0.308109 -0.417477 -0.296957 -0.478604 -0.247011 -0.452795 -0.471215 -0.497002 -0.474712 -0.538339 -0.379004 -0.016601 -0.570285 -0.448380 -0.400878 -0.292303 -0.579251 -0.549431 -0.585543 -0.622676 -0.396889 -0.201573 -0.206900 -0.236657 -0.214717 -0.177012 -0.318409 0.474947 -0.414562 0.022444 0.004606 0.116806 -0.109683 -0.308719 -0.277132 -0.140506 -0.229382
-0.297141 -0.208739 -0.258456 -0.332322 -0.367854 -0.070732 -0.044120 -0.141068 -0.198467 -0.188771 -0.326914 -0.136858 -0.150084 -0.114240 -0.156978 -0.107925 -0.047802 -0.266677 0.095999 -0.165501 -0.124495 -0.106473 0.733269 -0.225153 0.656182 0.439394 0.567117 0.408983 -0.440232 -0.366658 -0.230576 -0.277952 0.099953 0.234838 0.150808 0.100331 -0.086778 0.171635 0.510787 -0.091316 0.044053 0.239148 0.129232 -0.015309 -0.216828 -0.050970 -0.014297 -0.249148 -0.290992 -0.037415 -0.293570 -0.274002 -0.203704 -0.120270 0.434380 -0.321426 -0.070066 -0.097964 0.039217 -0.201023 -0.241125 -0.263148 -0.146053 -0.236585
-0.275401 -0.238505 0.011309 -0.313851 0.074274 0.143384 1.058140 -0.069333 0.027570 0.002660 0.074443 -0.045432 -0.411666 -0.387603 0.080805 -0.501569 -0.285338 -0.412372 -0.154802 -0.456251 0.076750 -0.012756 0.311112 -0.221256 -0.055411 0.045008 0.399075 -0.015068 -0.327005 -0.392040 -0.256688 -0.391016 0.067740 -0.006834 -0.023788 0.139102 0.100140 -0.075953 0.574930 -0.023330 -0.092117 -0.099035 -0.003048 -0.141379 0.009493 0.037830 0.186000 0.035789 -0.432338 -0.111229 -0.268867 -0.340140 0.133001 0.079521 1.083852 -0.219635 -0.108706 -0.045746 0.038131 -0.132598 -0.250298 -0.263436 0.108712 -0.368409
-0.137353 0.057522 0.000690 -0.246962 -0.154534 -0.040452 0.364310 -0.288478 0.045582 0.115611 -0.054801 0.168057 -0.284777 -0.156310 -0.155582 -0.229760 -0.301392 -0.243325 -0.174010 -0.332528 -0.016157 0.270745 0.516410 -0.071198 0.220467 0.321306 0.264372 0.166616 -0.359522 -0.147666 -0.033739 -0.296565 0.385118 0.843097 0.931823 0.655324 0.706632 0.291670 0.475407 0.665262 0.576776 0.770810 0.806765 -0.069490 0.196563 0.171969 0.411966 0.037588 -0.434548 0.127879 -0.326127 -0.088371 0.003315 -0.039697 0.521200 -0.190248 -0.157556 -0.052840 0.150566 -0.084441 -0.282364 -0.182321 -0.283499 -0.205447
0.630561 -0.007599 0.611937 0.411092 1.164099 0.869675 1.408803 0.430020 0.751854 1.074750 0.810850 0.678108 0.599667 0.140765 0.558303 0.229397 0.421830 0.148154 0.422643 0.368684 0.648559 0.441910 0.944906 0.383472 0.188314 0.491197 0.560163 0.202542 0.102850 0.166075 0.474348 -0.069190 0.500558 0.571691 0.696810 0.458316 0.715314 0.391157 0.948171 0.226395 0.466137 0.825604 0.519314 0.295871 0.059398 0.515224 0.538992 0.181929 0.122783 0.422290 0.142448 0.125949 0.885253 0.518672 0.884136 0.308870 0.167434 0.728751 0.729458 0.376649 0.037885 0.183984 0.136622 0.102322
-0.360794 -0.410659 -0.432837 -0.417101 -0.008436 0.183866 0.741975 -0.262583 -0.416465 -0.386409 -0.606611 -0.231124 -0.287082 -0.437636 0.060975 -0.399365 -0.414082 -0.538701 -0.106889 -0.480368 -0.202711 -0.121070 0.341154 -0.357622 -0.141833 -0.015976 0.133890 -0.085605 -0.452487 -0.534298 -0.289596 -0.337404 -0.159178 -0.203060 -0.298712 -0.160274 -0.194564 -0.238102 0.413640 -0.131159 -0.080279 0.006389 -0.130236 0.022961 -0.225070 -0.268293 -0.077212 -0.286052 -0.230506 -0.146732 -0.287112 -0.316133 0.017829 -0.024327 0.701951 -0.203260 -0.315196 -0.269716 -0.221470 -0.258275 -0.239818 -0.436806 0.034441 -0.316638
-0.039527 -0.182654 0.031627 -0.207017 -0.069863 0.023329 0.772793 -0.132443 0.305232 0.211289 0.219490 -0.043885 -0.363267 -0.183105 -0.086553 -0.190238 0.069073 -0.065672 0.072354 -0.051912 0.183779 0.233778 0.998172 -0.122443 0.699530 0.548887 0.729195 0.298758 -0.105689 -0.298876 -0.138443 -0.189938 -0.217100 -0.469275 -0.281557 -0.465829 0.032712 -0.172685 0.942599 -0.083782 0.092086 -0.196593 -0.057683 -0.318525 -0.404299 -0.380564 -0.123636 -0.198088 -0.048131 -0.043964 -0.048260 -0.150250 0.023235 0.043632 0.906968 -0.378391 0.471987 0.283707 0.214786 0.069907 -0.299459 -0.213039 -0.044496 -0.280089
-0.204331 -0.180220 -0.032821 -0.378336 -0.034696 0.119861 0.421466 -0.098812 0.127815 0.316068 0.235431 -0.008850 -0.358532 0.007728 -0.209229 -0.242979 0.248868 -0.053884 0.151278 0.025025 0.021814 0.477792 0.701401 0.178761 0.645500 0.864199 0.755394 0.278146 -0.216464 -0.221615 -0.128120 -0.159844 0.126131 0.656524 0.599984 -0.091535 0.631451 0.682650 0.667482 0.709386 0.719380 1.033842 0.838863 0.126290 0.241384 0.310785 0.272418 -0.064147 -0.178379 0.120411 -0.100472 -0.148721 0.035734 0.014362 0.705836 -0.148342 0.194143 0.567770 0.321610 0.113483 -0.299882 -0.105889 -0.272251 -0.190672
-0.023342 0.066974 0.031060 -0.192491 0.266458 0.503114 1.032848 0.004710 0.294872 0.396121 0.322659 -0.133842 -0.108329 0.028189 0.216145 -0.143184 0.092799 -0.025772 0.218883 -0.045711 0.259163 0.480575 0.942598 0.087998 0.457004 0.402610 0.832059 0.335637 -0.038665 -0.067918 0.229180 -0.033846 -0.113241 -0.043030 -0.247477 -0.372977 0.134585 0.310843 0.580038 0.044213 0.075210 0.264094 0.220463 -0.130022 -0.286837 -0.166973 -0.089575 -0.281295 -0.267128 0.260275 -0.032493 -0.049664 0.277722 0.242851 0.496727 -0.307040 0.169244 0.394014 0.430737 0.195621 -0.093530 0.048095 0.007511 -0.033198
-0.121782 -0.382128 -0.426240 -0.347158 0.197289 0.194044 0.908089 0.068078 -0.175576 -0.145149 -0.358539 -0.178235 -0.081206 -0.097668 0.120775 -0.140647 0.005746 -0.086322 0.063450 -0.087769 0.098839 0.187972 0.790430 -0.037123 0.403562 0.161748 0.718551 0.280060 -0.308809 -0.303381 -0.100329 -0.268547 -0.040094 -0.192706 -0.361514 -0.188805 0.004989 0.111965 0.663427 0.045500 0.276126 0.303648 0.138708 0.087252 -0.058151 -0.091131 -0.058655 -0.151848 -0.127212 -0.079177 -0.225917 -0.202545 -0.002472 -0.070464 0.842231 -0.242688 -0.051015 -0.168870 -0.012923 -0.148263 -0.166320 -0.252733 0.021045 -0.160341
-0.280574 -0.271943 -0.057495 -0.306715 -0.331868 -0.271891 -0.227675 -0.242336 -0.328005 -0.319669 -0.142804 -0.230016 -0.360803 -0.380649 -0.024169 -0.358155 -0.080907 -0.146126 -0.281930 -0.245456 -0.000480 -0.077094 0.647972 -0.151841 0.496090 0.135717 0.089183 0.030188 -0.138913 -0.164152 -0.063268 -0.119472 -0.183058 -0.189743 -0.305300 -0.115834 -0.230850 -0.315200 -0.275195 -0.313940 -0.424359 -0.539387 -0.545448 -0.443882 -0.273457 -0.228567 0.022552 -0.293111 -0.299003 -0.142856 -0.234902 -0.115994 -0.091170 -0.174683 0.435701 -0.390499 0.064449 -0.068069 0.030657 -0.081493 -0.304658 -0.256651 -0.099054 -0.267201
-0.189699 -0.064933 -0.159925 -0.351368 -0.248786 -0.079387 0.184223 -0.286202 0.096731 0.130560 -0.024717 0.096262 -0.229936 -0.078622 -0.077737 -0.292306 -0.184120 -0.230640 0.008584 -0.263169 -0.307252 -0.064727 0.164304 -0.277738 0.609088 0.597358 0.628960 0.302224 -0.313567 -0.137011 -0.066677 -0.332858 0.618306 1.195288 0.830246 0.650892 0.284721 0.597334 0.539737 0.201150 0.419504 0.744752 0.558391 0.186103 0.111860 0.581592 0.771176 -0.007084 -0.355171 -0.027399 -0.366312 -0.363546 -0.340484 -0.315618 0.156831 -0.351481 -0.231464 -0.215542 -0.079353 -0.225589 -0.248381 -0.152868 -0.169197 -0.322677
-0.033961 -0.213255 0.142759 -0.262010 0.110594 0.119888 0.602565 -0.085926 -0.310553 -0.176327 -0.084668 -0.219158 0.050785 -0.114161 0.351537 -0.200000 -0.252982 0.007884 0.014460 -0.290501 0.137111 -0.121441 0.460018 -0.244576 0.131977 0.306179 0.467568 0.128980 -0.131255 -0.333634 0.062779 -0.290605 -0.102032 -0.071786 0.034537 -0.054973 0.061926 -0.037892 0.407996 -0.094330 -0.290353 0.009110 0.037960 -0.262679 -0.004762 -0.048783 0.114277 0.030820 -0.222305 0.184745 -0.229341 -0.136336 -0.057731 -0.034309 0.163924 -0.372407 -0.210234 0.005404 0.203052 -0.123940 -0.178136 -0.214448 -0.107545 -0.213759
-0.194407 -0.189808 -0.208962 -0.224554 -0.165755 -0.083417 0.036113 -0.152412 -0.101830 -0.155015 -0.343548 -0.168882 -0.120394 -0.247497 -0.046650 -0.267550 -0.301851 -0.374855 -0.107069 -0.330163 -0.321750 -0.347378 0.267171 -0.393202 0.448791 -0.076693 0.275853 0.016790 -0.348381 -0.456640 -0.280157 -0.334307 -0.024897 0.225965 -0.150450 0.129452 -0.116166 0.034239 0.238297 -0.102247 -0.077202 0.102970 -0.152361 0.106380 -0.096384 -0.170574 0.078318 -0.170143 -0.171433 -0.164534 -0.218418 -0.154342 -0.265928 -0.308560 0.094066 -0.378598 -0.059981 -0.117910 -0.018544 -0.127175 -0.107292 -0.292241 -0.101665 -0.200299
