# Fickett TESTCODE intervals and look-up tables for FickettTestcode class.
# Load using FickettTestcode(data="<filepath>")
0.260000 0.180000 0.310000 0.330000
0.110000 0.120000 0.150000 0.140000
0.220000 0.230000 0.080000 0.090000
0.200000 0.300000 0.080000 0.090000
0.340000 0.330000 0.160000 0.120000
0.450000 0.510000 0.270000 0.540000
0.680000 0.480000 0.480000 0.440000
0.580000 0.660000 0.530000 0.690000
0.930000 0.810000 0.640000 0.680000
0.840000 0.700000 0.740000 0.910000
0.680000 0.700000 0.880000 0.970000
0.940000 0.800000 0.900000 0.970000
0.210000 0.310000 0.290000 0.580000
0.810000 0.390000 0.330000 0.510000
0.650000 0.440000 0.410000 0.690000
0.670000 0.430000 0.410000 0.560000
0.490000 0.590000 0.730000 0.750000
0.620000 0.590000 0.640000 0.550000
0.550000 0.640000 0.640000 0.400000
0.440000 0.510000 0.470000 0.390000
0.490000 0.640000 0.540000 0.240000
0.280000 0.820000 0.400000 0.280000
