# ANT matrix for MLCDS object.
# Load using MLCDS(data="<filepath>")
-0.371245 -0.103947 -0.015799 -0.218562 -0.225779 -0.088363 0.062974 -0.100503 -0.080350 -0.055795 -0.072583 -0.061250 -0.338124 -0.115398 -0.109114 -0.136919 -0.338242 -0.315223 -0.091079 -0.188584 -0.158129 -0.148117 0.151370 -0.049913 0.111763 0.076245 0.098234 0.075825 -0.221722 -0.254638 -0.136267 -0.068562 -0.063610 -0.090696 -0.076994 0.046998 -0.083681 -0.012112 0.095009 -0.024950 -0.075613 -0.151754 -0.208652 -0.081373 -0.080380 -0.118055 -0.059443 0.004244 -0.454063 -0.143910 -0.270862 -0.213228 -0.180956 -0.132653 0.155286 -0.137020 -0.219175 -0.180436 -0.138207 -0.086147 -0.218159 -0.136657 -0.007781 -0.122513
-0.321591 -0.123543 0.042320 -0.259014 -0.381094 -0.141896 -0.049056 -0.316584 -0.154896 0.097448 -0.122701 0.140131 -0.315852 0.007067 -0.132178 -0.103926 -0.150184 -0.231529 0.072712 -0.174171 -0.236059 0.033625 0.047710 -0.126045 0.325121 0.415878 0.527840 0.185922 -0.204483 -0.172002 0.117618 -0.009702 0.175316 0.631650 0.550330 0.223062 0.040539 0.502947 0.019808 -0.046099 0.134398 0.587252 0.504376 0.204359 -0.063593 0.414494 0.318199 0.051762 -0.354889 0.134343 -0.229490 -0.100340 -0.255404 -0.256567 0.126088 -0.217017 -0.285881 -0.069502 0.020912 -0.145317 -0.079107 -0.034525 -0.029323 -0.035906
-0.110743 0.098929 0.194264 -0.049687 -0.278372 -0.003409 0.336011 -0.181423 -0.177809 0.097794 0.043658 -0.099874 -0.063528 0.139164 0.157709 0.040800 -0.208404 0.000723 0.154910 -0.153422 -0.106295 0.115524 0.379641 -0.070842 0.033260 0.592304 0.550816 0.095522 -0.139920 -0.045043 0.148832 -0.118139 -0.162000 0.036939 0.182779 -0.012058 -0.250549 0.150546 0.276751 -0.096772 -0.263877 0.003121 -0.021880 -0.102983 -0.186697 -0.161687 0.087063 -0.025333 -0.265815 0.329299 -0.105029 0.026209 -0.181955 -0.016014 0.383276 -0.145535 -0.190873 -0.100753 0.096870 -0.004274 -0.039751 0.137500 0.042684 -0.025689
-0.530988 -0.383499 -0.324724 -0.384269 -0.235558 -0.090958 0.155643 -0.098730 -0.306242 -0.312102 -0.377960 -0.166158 -0.208876 -0.277877 -0.022681 -0.172690 -0.289825 -0.397480 -0.074686 -0.212466 -0.152873 -0.401422 0.214121 -0.248445 0.235796 -0.093551 0.224308 0.122390 -0.293279 -0.358602 -0.141617 -0.123601 -0.205952 -0.175830 -0.187313 -0.085016 -0.157646 -0.003698 0.189960 -0.136011 -0.122998 -0.039150 -0.133205 -0.003384 -0.020156 -0.124364 0.019825 -0.075869 -0.347687 -0.171301 -0.233455 -0.151122 -0.081825 -0.229958 0.234670 -0.268073 -0.050773 -0.116743 -0.001261 -0.102935 -0.111641 -0.297153 -0.051237 -0.123457
-0.291535 -0.297463 -0.188462 -0.207751 -0.062991 0.047954 0.424987 -0.096361 0.007913 0.083226 0.102602 0.177154 -0.395415 -0.229580 -0.169141 -0.227354 -0.428997 -0.397224 -0.273399 -0.402889 -0.008811 -0.074169 0.314786 -0.160444 -0.008780 0.039491 0.217397 -0.022153 -0.194515 -0.374685 -0.106588 -0.262020 -0.160677 -0.072539 -0.213172 0.021497 0.037798 0.107560 0.492062 0.020281 -0.119339 -0.189847 -0.204460 -0.119092 0.120676 -0.002760 0.089156 0.090238 -0.406462 -0.204725 -0.294670 -0.377208 0.083450 0.053578 0.794543 -0.167795 -0.207960 -0.168508 -0.115031 -0.244506 -0.163425 -0.194938 0.141018 -0.146054
0.036540 0.058561 0.187396 -0.129708 -0.207182 0.222394 0.116966 -0.155756 0.056604 0.203113 0.080261 0.263746 -0.250298 0.154899 -0.078072 -0.015363 -0.155434 -0.187838 -0.071378 -0.160896 0.091618 0.381710 0.349588 0.071535 0.270442 0.394683 0.345657 0.257710 -0.109085 0.041876 0.066051 -0.099101 0.300753 0.832782 0.674776 0.453431 0.485586 0.698607 0.259665 0.554670 0.632830 0.720709 0.684472 0.426353 0.206903 0.404587 0.311539 0.243221 -0.320984 0.091439 -0.350182 -0.141093 -0.021989 -0.045511 0.131205 -0.086635 0.018030 0.180124 0.209626 0.092398 -0.055791 0.110295 -0.243080 0.005965
0.216894 0.051548 0.225165 0.135043 0.691126 0.783570 1.181203 0.477561 0.587955 0.782373 0.663329 0.588627 0.158174 0.198605 0.532897 0.167497 0.008371 0.096559 0.134908 -0.046024 0.562599 0.366022 0.694640 0.157288 0.134760 0.395156 0.510392 -0.054985 0.128322 0.285929 0.243530 -0.023804 0.162629 0.460898 0.261485 0.037997 0.571548 0.712527 0.971681 0.434073 0.360169 0.682548 0.305686 0.180368 0.022298 0.370014 0.356752 0.028458 -0.294961 0.230430 -0.212463 0.010518 0.404091 0.406818 0.532263 0.275164 0.135174 0.394744 0.389127 0.141507 -0.028916 -0.002737 0.048504 0.006727
-0.297385 -0.424716 -0.440434 -0.308027 0.009688 0.327394 0.766817 0.053753 -0.249785 -0.128836 -0.381957 -0.017644 -0.125034 -0.140162 0.113401 -0.084286 -0.301950 -0.387759 -0.149598 -0.293648 -0.158286 -0.123056 0.175725 -0.283167 0.268172 0.129116 0.246716 0.124463 -0.272790 -0.288669 -0.187312 -0.160582 -0.204518 -0.206065 -0.384927 -0.117223 -0.240282 0.036100 0.082616 -0.055206 0.065252 0.048301 -0.117651 0.043221 -0.075435 -0.018568 0.003445 -0.033089 -0.206990 -0.124352 -0.182081 -0.110254 0.020175 -0.113589 0.619051 -0.137503 -0.096880 -0.222594 -0.050592 -0.063723 -0.097221 -0.202191 0.038807 -0.026110
-0.131954 -0.092823 -0.105005 -0.111619 -0.030117 0.055475 0.529556 -0.010783 0.078278 0.152732 0.098010 0.088958 -0.179262 -0.201229 -0.083456 0.017908 -0.226101 -0.272459 -0.187270 -0.173454 -0.078813 0.069341 0.512210 0.012396 0.398063 0.311418 0.090201 0.096190 -0.166737 -0.164949 -0.205809 -0.124931 -0.142513 -0.290983 -0.302646 -0.126878 0.017080 0.124518 0.516768 -0.021829 0.049723 -0.073887 -0.178592 -0.119137 -0.112189 -0.125828 -0.092229 -0.047786 -0.171755 0.003098 -0.140310 -0.020602 0.021004 0.289369 0.638682 0.014886 0.114842 0.097475 -0.042167 0.065783 -0.067574 -0.053716 0.105080 -0.024964
-0.127495 0.042653 -0.020804 -0.206922 -0.061098 0.153597 0.301742 -0.091397 0.093408 0.500172 0.175942 0.346855 -0.216200 0.035992 -0.056270 -0.051181 -0.041758 -0.105484 0.087674 -0.106572 0.092254 0.327792 0.651625 0.121580 0.395515 0.691515 0.603213 0.384179 -0.184628 -0.229284 -0.038366 0.013117 0.417065 0.784626 0.569614 -0.012289 0.544711 0.662823 0.583770 0.586950 0.541876 0.972551 0.748698 0.333235 0.065093 0.254873 0.361652 0.216105 -0.264419 0.033949 -0.201989 -0.023609 0.028202 0.023039 0.469462 -0.017029 0.036790 0.345468 0.205468 0.081035 -0.135542 -0.040431 -0.178381 -0.033028
-0.148733 -0.098061 -0.087800 -0.132671 -0.083042 0.212056 0.532275 -0.022549 0.080852 0.387859 0.266976 0.040933 -0.154298 -0.026935 0.054694 -0.157566 -0.285064 -0.177014 -0.160594 -0.249561 0.045160 0.209519 0.381071 0.000338 0.272603 0.302043 0.433026 -0.053544 -0.147189 -0.102833 -0.208068 -0.118038 -0.232505 -0.166376 -0.161393 -0.242285 0.000213 0.236423 0.354727 -0.023554 -0.111900 0.041213 0.209121 -0.108473 -0.145443 -0.114904 -0.067155 -0.189443 -0.405374 -0.081025 -0.184718 -0.219753 -0.196781 0.007155 0.151699 -0.207954 -0.104563 0.132942 0.167396 0.027728 -0.101616 -0.036512 -0.120826 -0.110281
-0.220805 -0.175264 -0.352685 -0.207146 0.247339 0.474625 0.840152 0.298185 -0.116190 -0.315446 -0.276090 0.119245 0.070462 0.105523 0.305236 0.124024 -0.158447 -0.157739 0.040109 -0.097462 -0.038706 0.043844 0.387658 -0.003368 0.375663 0.457348 0.463829 0.331638 -0.193860 -0.265655 -0.100366 -0.095491 -0.043850 0.020897 -0.233086 -0.015844 -0.060675 0.322886 0.378097 -0.105507 0.204668 0.046191 0.089961 0.168201 0.111844 0.021181 0.122883 0.065185 -0.195538 0.112522 -0.066325 -0.044237 0.130703 0.219410 0.466624 -0.018762 -0.000734 0.025608 0.074115 0.060049 0.056671 -0.183521 0.159893 0.012707
-0.415518 -0.345982 -0.196945 -0.454114 -0.311700 -0.215386 -0.304418 -0.199519 -0.317556 -0.174349 -0.283551 -0.242352 -0.412156 -0.364693 -0.082021 -0.243708 -0.236348 -0.330361 -0.072186 -0.278297 0.018484 -0.092426 0.543440 -0.070237 0.087173 -0.002394 0.134017 0.042502 -0.153216 -0.148055 0.092651 -0.011624 -0.191072 -0.195285 -0.234507 -0.160039 -0.169727 -0.117551 -0.120017 -0.206766 -0.327131 -0.295421 -0.375293 -0.299066 -0.130357 -0.111602 -0.017869 -0.048018 -0.195824 -0.227262 -0.129894 -0.060188 -0.061692 -0.126584 0.263807 -0.220876 -0.056774 -0.122930 -0.035053 -0.174011 -0.162979 -0.105055 -0.045527 -0.072207
-0.085544 0.133799 0.151204 -0.281094 -0.293727 -0.032433 0.028980 -0.277898 0.019853 0.071331 -0.043482 0.157678 -0.249914 0.049318 -0.002265 -0.048034 -0.133790 -0.146793 0.128496 -0.226594 -0.211826 0.126265 0.264574 -0.175298 0.691657 0.661481 0.676289 0.139891 -0.178717 -0.075305 0.099356 -0.185244 0.698962 1.180523 1.036778 0.365313 0.145344 0.582756 0.269143 0.056211 0.424313 0.705922 0.658692 0.377565 0.196358 0.730518 0.692695 0.231375 -0.278112 -0.062399 -0.349463 -0.142795 -0.345355 -0.083980 -0.229514 -0.305759 -0.284057 -0.158399 -0.141896 -0.129669 -0.143474 -0.014614 -0.293669 -0.044559
-0.052334 0.030865 0.153074 -0.131696 -0.031410 0.172256 0.589153 -0.153153 -0.235959 0.086381 0.001034 -0.084283 0.004279 -0.046145 0.333553 -0.144779 -0.200666 -0.096990 0.096865 -0.251797 0.091921 0.145701 0.466603 -0.132426 0.164394 0.214055 0.518140 0.068997 -0.117188 -0.104484 0.158750 -0.149165 -0.086418 0.174431 0.004029 -0.126339 0.024472 0.174517 0.334909 0.055595 -0.150048 0.193727 0.007055 -0.080154 -0.091439 0.028731 0.097054 -0.077501 -0.214659 0.162046 -0.053880 -0.002022 -0.035013 0.047690 0.505833 -0.128616 -0.271372 -0.039237 0.149392 -0.086117 -0.079271 -0.000738 -0.085543 -0.024757
-0.219152 -0.296796 -0.194064 -0.258967 -0.269152 -0.033206 0.198275 -0.012409 -0.195514 -0.288921 -0.350320 -0.106293 -0.167043 -0.152266 0.064752 -0.130022 -0.282863 -0.201103 0.148672 -0.220562 -0.175259 -0.186049 0.292163 -0.203371 0.552588 0.349548 0.241675 0.233197 -0.302328 -0.388031 -0.117626 -0.180660 0.069859 0.184981 0.041810 0.068467 -0.087870 0.166407 0.194231 -0.068870 0.044916 0.127721 -0.008363 0.080528 -0.078996 -0.062984 -0.060757 -0.061339 -0.110576 -0.207169 -0.013412 -0.068705 -0.202571 -0.283801 0.275610 -0.223440 -0.071214 -0.084400 -0.065057 -0.083620 -0.087667 -0.246336 0.012387 -0.040847
-0.137045 -0.187133 -0.091649 -0.196776 -0.257491 -0.071819 0.158291 -0.195217 0.032553 0.012295 -0.168460 -0.154481 -0.319802 -0.187888 -0.142379 -0.169366 0.006575 -0.093412 0.065782 -0.065926 -0.020117 0.021097 0.568165 -0.071406 0.662327 0.447920 0.718328 0.462069 0.003696 -0.127185 -0.049941 -0.049165 0.078703 -0.093960 -0.030345 0.062366 0.071861 0.079246 0.315074 0.048514 0.151074 0.088324 -0.009675 -0.023279 0.052283 0.032526 0.052424 0.077113 -0.447566 -0.106847 -0.386785 -0.250281 -0.318603 -0.378839 0.201413 -0.380535 -0.074314 0.026604 -0.006003 -0.132006 -0.345164 -0.306200 -0.113660 -0.257084
-0.348769 -0.120692 -0.071763 -0.374704 -0.447229 -0.160261 -0.002759 -0.184190 -0.172123 -0.047814 -0.146669 -0.064818 -0.441534 -0.162228 -0.418447 -0.229429 0.176548 0.021797 0.088000 -0.027936 -0.180092 0.196214 0.301509 0.026026 0.550918 0.258210 0.505220 0.254654 -0.188533 -0.038460 -0.003222 -0.093500 -0.026803 0.446369 0.290787 0.056160 0.046609 0.094321 0.204168 0.183598 0.292230 0.432087 0.397019 0.147296 -0.189036 0.304118 -0.041116 -0.075267 -0.274543 0.115948 -0.216672 -0.208639 -0.312178 -0.241130 0.147983 -0.357415 -0.224045 -0.195818 -0.018149 -0.093947 -0.301458 -0.133093 -0.281696 -0.194364
-0.061817 0.016448 0.030314 -0.058200 -0.074446 0.182869 0.244076 -0.065454 -0.147897 0.090054 -0.042698 -0.087821 0.038612 0.226552 0.079158 0.102169 0.053634 0.018853 0.421193 0.041098 0.123487 0.311805 0.687138 -0.172211 0.693670 0.597510 0.795416 0.324195 -0.039552 0.082181 0.287347 -0.060335 -0.129158 0.102443 0.116635 -0.100972 -0.145934 0.206686 0.165335 -0.169377 -0.116616 0.122132 0.036737 -0.103128 -0.216959 0.002018 0.067717 -0.059354 -0.189210 0.553136 0.025273 0.339799 0.115834 0.145822 0.530680 -0.110759 0.080707 0.315999 0.145185 0.171026 0.041147 0.239527 0.139042 0.102108
-0.414308 -0.375296 -0.371415 -0.386551 -0.243046 0.008936 -0.107116 -0.027725 -0.214656 -0.200041 -0.391379 -0.169933 -0.286693 -0.158054 -0.295494 -0.219508 0.181137 0.007483 0.062388 0.080130 -0.015109 0.067218 0.771254 0.065470 1.278735 0.420299 0.790922 0.691342 -0.124878 -0.202213 -0.247073 -0.081244 -0.035152 -0.110409 -0.276533 -0.165378 -0.101666 -0.065245 0.281639 -0.056415 0.011593 0.101483 -0.061068 -0.002708 -0.168355 -0.023296 -0.332845 -0.131410 -0.089107 -0.001519 -0.239354 -0.174329 -0.169758 -0.175568 0.368540 -0.303108 0.254751 0.132623 0.198762 -0.017747 -0.131806 -0.235523 -0.124429 -0.151448
-0.004967 0.005904 0.024204 -0.203279 0.012607 0.090662 0.534017 -0.029334 0.062958 0.184961 0.135382 0.067533 -0.271552 -0.268248 0.136675 -0.212504 -0.171462 -0.136348 -0.019091 -0.278713 0.092693 0.131784 0.351878 0.038081 0.344568 0.143633 0.389225 0.043155 -0.140709 -0.166557 -0.155374 -0.209299 -0.025473 0.060057 0.068453 0.126896 0.161297 0.105699 0.614446 0.059167 0.017176 -0.011962 0.063035 -0.032447 0.228637 0.091543 0.244776 0.125952 -0.475941 -0.054004 -0.149183 -0.179859 0.089072 0.172172 0.698110 -0.223421 -0.070017 0.039747 0.170480 -0.265984 -0.111944 -0.185814 0.157740 -0.201462
-0.183094 0.058512 0.075323 -0.095735 -0.138561 0.094238 0.196111 -0.187612 0.056300 0.095418 -0.019662 0.072496 -0.328747 0.040824 -0.034804 -0.200973 0.159062 0.133651 0.245962 0.030645 0.327657 0.600372 0.802552 0.452138 0.635099 0.603682 0.644922 0.261154 0.034083 0.220460 0.299358 -0.031455 0.331405 0.526521 0.593594 0.333917 0.502810 0.444317 0.652224 0.511950 0.607242 0.454262 0.436665 0.332029 0.164854 0.157865 0.483742 0.203770 -0.318496 0.288531 -0.265953 -0.031354 0.059398 0.130333 0.436866 -0.018056 0.075140 0.233365 0.281720 0.023169 -0.161758 0.077448 -0.198167 -0.101831
0.325905 0.282961 0.321740 0.367610 0.726508 0.553331 1.231481 0.541290 0.621951 0.818411 0.616010 0.440236 0.375344 0.243436 0.750484 0.246654 0.615204 0.473287 0.529686 0.716343 0.639717 0.467059 1.069323 0.382675 0.395855 0.609842 0.685001 0.648546 0.565765 0.581349 0.664896 0.433762 0.432870 0.579974 0.694932 0.610680 0.655254 0.565502 0.873133 0.478831 0.570243 0.622593 0.622423 0.205616 0.033198 0.272903 0.342355 0.235220 0.079111 0.565475 0.297540 0.120594 0.397078 0.442361 0.642564 0.047526 0.176906 0.595509 0.542335 0.340224 0.041176 0.405557 0.203304 0.038996
-0.237347 -0.474732 -0.444369 -0.359351 0.194286 0.160872 0.713385 0.082404 -0.288310 -0.240232 -0.424117 -0.175497 -0.132539 -0.073523 0.148222 -0.151110 -0.014859 -0.081292 -0.098687 0.006457 -0.027076 -0.162907 0.275183 0.004765 0.370957 0.263704 0.312488 0.155231 -0.103150 -0.131806 -0.113016 -0.009205 0.047938 -0.020168 -0.113224 0.007215 0.118752 -0.000333 0.642368 0.090598 0.253148 0.188080 0.016561 0.217989 -0.121222 0.061369 0.084984 -0.062361 -0.192445 0.057263 -0.205534 -0.072703 0.062110 -0.001438 0.635275 -0.092505 -0.248282 -0.102279 -0.172997 -0.152914 -0.079537 -0.168411 0.046140 -0.050509
0.443979 0.130199 0.300233 0.232218 0.059135 0.354101 0.495316 -0.034179 0.455025 0.361230 0.103822 0.209952 0.111133 0.451548 0.333258 0.257950 0.784901 0.599383 0.704473 0.711757 0.730508 0.621016 0.922067 0.558496 1.423036 0.922966 1.041852 1.105715 0.613825 0.318762 0.478219 0.401459 0.709994 0.327463 0.640603 0.613734 0.818178 0.750761 0.957209 0.745467 0.844780 0.544072 0.520876 0.417151 0.232938 0.578982 0.658997 0.449058 0.130899 0.549331 -0.076989 0.397220 0.207509 0.052558 0.333895 -0.133450 0.652870 0.565398 0.461479 0.507166 0.256297 -0.011930 0.250775 0.052678
0.281022 0.417634 0.709682 -0.018325 0.196519 0.314733 0.437341 0.183280 0.292433 0.588839 0.219026 0.272995 -0.174670 0.775499 0.382725 0.212220 0.588050 0.492062 0.719780 0.425742 0.261856 0.563398 0.464441 0.466929 0.921013 1.039340 0.946801 0.620319 0.513871 0.200361 0.415539 0.390518 -0.344662 0.671088 0.552114 0.052603 0.320587 0.559798 0.546625 0.631362 0.499635 0.786235 0.580604 0.183720 0.563244 0.428115 0.410851 0.051347 -0.446936 1.048558 -0.146446 0.602146 0.431778 0.418509 0.701806 0.222882 0.176566 0.721639 0.549535 0.363335 0.181247 0.519267 -0.152562 0.154028
0.273691 0.522960 0.423227 0.128997 0.523334 0.739230 0.720437 0.230850 0.512431 0.708279 0.492017 0.289058 0.153835 0.267559 0.457995 0.295784 0.709209 0.537479 0.764947 0.608498 0.628939 0.824688 0.828290 0.269601 0.918703 0.975644 1.380413 0.769484 0.305176 0.348140 0.769787 0.248533 0.410989 0.695452 0.564178 0.355219 0.648877 0.887677 0.626176 0.447379 0.438114 0.657221 0.594459 0.105771 0.261925 0.366647 0.329153 -0.072814 -0.284813 0.600549 -0.051655 0.345877 0.424340 0.404898 0.497919 0.050408 0.132366 0.520399 0.372417 0.228301 0.116628 0.242604 0.241793 0.111167
0.073781 -0.060969 -0.119171 -0.113865 0.212484 0.595988 0.774913 0.226946 -0.002771 0.157495 -0.127806 0.143836 -0.054280 0.287842 0.160671 0.208562 0.691444 0.361107 0.361198 0.554248 0.357498 0.417684 0.525975 0.364732 0.408162 0.635730 0.557180 0.678405 0.430404 0.032316 0.238568 0.224248 0.293571 0.156256 -0.076167 0.003533 0.492314 0.457355 0.730839 0.482088 0.527430 0.518946 0.360765 0.369238 0.357562 0.351004 0.308359 0.168752 -0.178476 0.275948 -0.054208 0.102922 0.091143 0.232284 0.394799 0.070754 0.059271 0.184669 0.079356 0.119124 0.059874 -0.050564 0.231010 0.008227
-0.295574 -0.206612 -0.052632 -0.304665 -0.406415 -0.377779 -0.242621 -0.434335 -0.374752 -0.378587 -0.398869 -0.373987 -0.375860 -0.352652 -0.160160 -0.379540 0.085349 0.115954 0.059685 0.098313 0.224336 0.152832 0.988734 0.117930 1.111106 0.606479 0.796890 0.451651 -0.122956 -0.075510 -0.001107 0.021645 -0.286070 -0.285873 -0.190191 -0.277257 -0.272107 -0.161548 -0.007634 -0.260320 -0.455092 -0.390172 -0.245078 -0.526384 -0.096842 -0.206549 0.078714 -0.167967 -0.210634 -0.076937 -0.132346 -0.085141 -0.141290 -0.125281 0.602833 -0.311137 0.249370 0.147424 0.139785 -0.096028 -0.150535 -0.157551 -0.060946 -0.167336
-0.294256 0.044270 -0.088678 -0.302281 -0.362650 -0.146133 -0.097761 -0.430149 -0.039952 -0.141847 -0.058929 0.019395 -0.353325 -0.004725 -0.184077 -0.211631 -0.050352 -0.085003 -0.072288 -0.161556 -0.285065 0.089658 0.050740 -0.126447 0.512453 0.208020 0.326345 0.103416 -0.146068 -0.002688 -0.190952 -0.160530 0.083328 0.305554 0.467197 0.121748 0.292377 0.348947 0.195396 0.082589 0.456192 0.224384 0.319359 0.260328 0.186863 0.245224 0.075778 -0.017142 -0.369690 0.030419 -0.339231 -0.184455 -0.240420 -0.144584 0.102601 -0.408094 -0.157166 -0.157330 -0.006810 -0.222280 -0.163260 0.040547 -0.196262 -0.179203
-0.160293 -0.038047 0.133413 -0.263718 -0.081259 0.021221 0.429439 -0.265950 -0.367904 0.035490 -0.121493 -0.281660 -0.123808 0.025021 0.144613 -0.215313 -0.237754 0.001371 0.200227 -0.145891 -0.006364 0.264931 0.561744 -0.203644 0.313274 0.648744 0.670131 0.175745 -0.081042 0.078724 0.372864 -0.165438 -0.090051 0.280664 0.277626 0.001547 0.040102 0.349039 0.552919 0.034602 -0.271630 0.131266 0.153353 -0.191342 -0.027606 -0.003083 0.434664 -0.011494 -0.319985 0.192520 -0.145302 0.054555 -0.002575 0.184069 0.241653 -0.224824 -0.105010 0.155598 0.210498 -0.035912 -0.045743 -0.050957 -0.010464 -0.093391
-0.159542 -0.235210 -0.223403 -0.167651 -0.097121 0.039579 0.047237 -0.091063 -0.190857 -0.198178 -0.420222 -0.055972 -0.117634 -0.153626 0.006373 -0.088190 0.000465 -0.054539 0.096759 0.010429 -0.060294 -0.120135 0.523831 -0.073498 1.036174 0.372403 0.538802 0.534714 -0.135271 -0.134871 -0.137284 -0.076337 -0.161744 -0.219554 -0.332317 -0.134039 -0.141404 -0.173690 0.165839 -0.276650 -0.173555 -0.193622 -0.152253 -0.040604 -0.105497 -0.117142 -0.119308 -0.110839 -0.108068 -0.009696 -0.078666 -0.121132 -0.175904 -0.237360 0.028803 -0.288991 0.128874 0.001039 -0.015688 0.069998 -0.052297 -0.192874 -0.016093 0.013949
-0.053429 -0.096862 -0.041767 -0.025396 -0.180524 -0.106716 0.076389 -0.146202 -0.094156 -0.000017 -0.155049 0.073291 -0.214282 0.011736 -0.167446 0.047846 -0.036236 -0.249123 0.055360 0.001436 -0.007843 -0.116978 0.488724 0.142796 0.737727 0.228756 0.576325 0.388390 -0.094978 -0.188971 -0.088472 0.052275 0.177556 -0.091354 0.083313 0.273277 0.032634 0.087269 0.552939 0.089928 0.028488 0.020604 -0.014176 0.079115 0.135024 -0.082010 -0.023242 0.109343 -0.502769 -0.009550 -0.377054 0.049729 -0.206111 -0.085777 -0.005918 -0.113732 -0.259908 -0.073463 -0.099626 0.103305 -0.066262 -0.073232 -0.052166 0.017176
-0.172595 0.141181 0.190796 -0.157600 -0.357187 0.097466 0.129067 -0.157381 -0.122684 0.249659 -0.153610 0.251054 -0.307415 0.197110 -0.036534 0.011855 0.104668 0.049527 0.169607 0.129155 0.042629 0.335434 0.506605 0.105608 0.792347 0.843732 0.797418 0.422829 -0.077839 -0.002436 0.303431 0.008576 0.350920 1.002452 0.847747 0.676362 0.119393 0.704894 0.449569 0.428418 0.244859 0.825428 0.314615 0.444842 -0.023734 0.406924 0.548958 0.117692 -0.502101 0.081985 -0.244552 0.192148 -0.309088 -0.103432 0.334531 -0.109913 -0.268527 -0.025289 -0.060020 0.012379 -0.075888 -0.052981 -0.103999 -0.042385
-0.155555 0.086309 0.174369 -0.132939 -0.286126 -0.014245 0.097582 -0.208021 -0.288009 0.134109 -0.159652 0.022028 -0.236997 0.173195 -0.057203 -0.111247 -0.050236 0.114130 0.370292 -0.011349 -0.094047 0.277636 0.572203 0.079103 0.642427 0.768014 0.923219 0.457108 -0.060056 0.175809 0.328954 -0.053479 0.029295 0.222167 0.464090 0.063556 -0.175738 0.111375 0.445228 -0.119950 -0.195470 0.275838 0.050445 -0.039366 -0.240489 -0.103609 0.203458 -0.140918 -0.408776 0.448356 -0.480519 0.253511 -0.194126 0.031490 0.343529 -0.179595 -0.274799 -0.096704 0.122151 0.094118 -0.165718 0.105384 -0.045644 -0.028785
-0.174729 -0.069645 -0.148792 -0.094998 -0.138064 0.088359 0.189253 0.074276 -0.131901 0.024889 -0.313382 0.109326 -0.082129 0.113010 -0.059999 0.022441 0.093311 -0.227673 0.121462 0.023260 -0.003546 0.135227 0.540745 0.068536 0.925949 0.328581 0.586649 0.675612 -0.048891 -0.202894 -0.128629 -0.090867 0.236873 0.274612 0.134432 0.406524 -0.023089 0.199820 0.277445 0.167391 0.008492 0.203791 0.058109 0.012886 0.103326 0.099389 0.064305 0.170647 -0.364363 -0.285652 -0.367374 0.095093 -0.161473 -0.161423 0.385185 -0.158131 0.141653 -0.027314 -0.034151 -0.100099 -0.061581 -0.196293 -0.084976 0.031594
-0.059465 -0.120958 -0.081950 -0.170058 -0.027812 -0.164253 0.545509 0.008486 0.012452 0.137409 0.006435 0.039047 -0.205636 -0.436367 -0.153208 -0.236048 -0.034473 -0.133332 -0.015471 -0.155267 0.123658 0.075008 0.670106 0.081008 0.434662 0.308329 0.371462 0.025560 0.103691 -0.174344 -0.005560 -0.082426 0.072740 0.129796 -0.029320 0.144231 0.408354 0.324065 0.837786 0.350445 0.166331 0.195467 0.021765 0.112986 0.236669 0.181524 0.132715 0.222143 -0.422346 -0.040551 -0.337686 -0.159349 0.098633 0.115242 0.784332 -0.035814 -0.163398 -0.035165 -0.050714 -0.067369 -0.063099 -0.219457 0.123406 -0.085027
0.149309 0.161588 0.194820 -0.055560 -0.035406 0.196524 0.367672 -0.070572 0.110901 0.315894 0.074081 0.281811 -0.126343 0.206139 0.132256 0.000305 0.120722 0.115975 0.131730 0.052023 0.261163 0.695473 0.632086 0.257869 0.785211 0.652327 0.540583 0.498575 0.138129 0.235496 0.339936 0.102935 0.385115 0.870931 0.579126 0.552009 0.707274 0.920755 0.876138 0.700862 0.709648 0.809010 0.555894 0.381348 0.447111 0.583580 0.560579 0.207805 -0.472548 0.340128 -0.321945 0.115638 -0.213358 -0.156686 0.156724 -0.083328 0.011832 0.184738 0.072542 -0.003616 0.045126 0.163582 -0.013597 -0.005376
0.075268 0.241523 0.124913 0.329796 0.487690 0.698346 0.924055 0.312683 0.470403 0.748028 0.514872 0.500813 0.134195 -0.249840 0.442887 -0.178407 0.578387 0.307130 0.389734 0.542387 0.559787 0.522473 0.938196 0.477584 0.440365 0.551615 0.586817 0.377315 0.728484 0.514289 0.662753 0.379922 0.403572 0.669187 0.569963 0.279746 0.851928 0.904142 1.390285 0.750947 0.691491 0.708530 0.514591 0.328035 0.539899 0.332500 0.261925 0.281613 -0.063656 0.470398 0.015475 0.456375 0.381336 0.356360 0.509659 0.251156 -0.054647 0.451236 0.319974 0.346863 0.154326 0.127033 0.074971 0.074043
-0.128656 -0.334516 -0.317945 -0.355682 0.250453 0.359493 0.895850 -0.018073 -0.133271 -0.184261 -0.371722 -0.056067 -0.085751 0.032925 0.176800 -0.040678 -0.003293 -0.313511 0.100751 -0.027992 0.037191 0.069637 0.411606 0.015505 0.598180 0.523843 0.602124 0.250255 -0.016710 -0.063738 -0.021412 0.003880 0.063616 0.127775 -0.055532 0.138357 0.294980 0.390736 0.702316 0.457561 0.226514 0.448291 -0.020064 0.249215 -0.013215 0.147276 0.173399 0.074630 -0.287931 -0.055192 -0.307522 0.047016 -0.012487 -0.028562 0.626451 -0.071933 -0.269333 -0.170930 -0.158214 -0.088989 -0.012738 -0.198315 0.054927 0.016995
-0.029417 -0.203176 -0.125187 -0.040088 -0.035397 0.046906 0.326894 -0.104072 0.039889 0.002461 -0.168183 -0.007334 -0.223547 -0.110413 -0.163985 -0.051054 0.125576 -0.126364 0.139233 0.096688 0.279556 0.262036 0.741385 0.307763 0.938480 0.434026 0.585012 0.435404 -0.124230 -0.062747 -0.005125 -0.001372 0.193371 0.081903 0.004671 0.194805 0.291883 0.267610 0.789442 0.420072 0.364462 0.045329 0.063103 0.144096 0.124149 0.007451 -0.137256 -0.001033 -0.279034 -0.100326 -0.191155 0.029106 -0.072777 0.010801 0.564974 -0.028808 0.233341 -0.005679 0.016657 0.088426 -0.370873 -0.198806 -0.143617 -0.028680
-0.069601 0.044897 0.083066 -0.215331 -0.172372 0.192717 0.186601 -0.004564 -0.056373 0.445050 -0.040867 0.212742 -0.261792 0.199508 -0.103972 0.011733 0.172493 0.261048 0.183327 0.287310 0.219209 0.523010 0.744230 0.417001 0.670695 0.817244 0.533316 0.760299 0.019149 -0.067978 0.267178 0.219196 0.190967 0.459329 0.597482 0.369091 0.368322 0.619333 0.518148 0.563756 0.438428 1.175381 0.461254 0.550877 0.248149 0.486554 0.161605 0.153750 -0.432549 0.510440 -0.290782 0.176265 -0.277872 0.139870 0.419017 0.070049 -0.065774 0.349604 0.028107 0.106054 -0.144579 0.061776 -0.121688 0.048402
-0.137175 -0.022321 -0.095801 -0.132550 -0.022583 0.251722 0.373387 -0.115555 -0.067737 0.274889 -0.101710 -0.046313 -0.227293 -0.019724 -0.040371 -0.339551 0.009257 0.150288 0.204637 0.143023 0.312923 0.496273 0.766179 0.278788 0.451864 0.550503 0.483633 0.311843 0.108619 0.033229 0.208820 0.006892 -0.098103 0.220391 0.145553 0.023695 0.101036 0.537026 0.433391 0.201791 0.133054 0.498739 0.373802 0.174050 -0.132936 0.056154 0.141258 -0.156835 -0.334514 0.076948 -0.221614 -0.013442 -0.027268 0.059730 0.242849 -0.160324 -0.055602 0.124136 0.076880 0.019500 -0.202692 -0.239360 -0.109021 -0.141339
-0.205342 -0.255347 -0.550124 -0.260922 0.076004 0.167262 0.597094 0.034109 -0.135214 0.060968 -0.357941 0.065462 -0.128680 0.043384 -0.066673 -0.051422 0.042101 -0.023016 -0.038126 0.183175 0.108609 0.084255 0.434593 0.067732 0.336029 0.311243 0.246845 0.349274 -0.127629 -0.331021 -0.095720 -0.168872 0.090952 0.134960 -0.182217 0.046408 0.120729 0.204321 0.424113 0.324524 0.275453 0.263776 0.057420 0.352582 0.093218 0.163012 0.028542 0.155830 -0.277715 0.076703 -0.293446 0.136060 -0.153555 -0.000502 0.590607 -0.069347 -0.037940 -0.116111 -0.016894 -0.024850 0.012904 -0.243654 0.008540 0.046545
-0.153397 -0.174248 -0.033973 -0.142789 -0.347586 -0.130026 -0.253381 -0.182592 -0.417465 -0.371894 -0.313332 -0.381147 -0.176913 -0.401533 -0.054848 -0.211404 0.220397 0.093956 0.249582 0.167483 0.312327 0.102451 0.981924 0.280637 1.063714 0.666789 0.736949 0.537425 0.121111 0.067561 0.215213 0.169159 -0.050087 -0.071361 -0.228019 -0.004912 0.073541 0.043172 0.043392 -0.407867 -0.316502 -0.264529 -0.196442 -0.303791 0.132213 -0.156642 0.154368 0.096207 -0.079346 -0.058961 0.089551 0.099602 0.089029 0.002792 0.663103 -0.039419 0.222140 0.131370 0.243106 0.058905 0.080310 0.012480 0.093339 0.016477
-0.086126 0.182928 0.044004 -0.116996 -0.224186 0.085430 0.243028 -0.091789 0.060451 0.189245 -0.143691 0.189919 -0.167039 0.176025 0.006398 0.016235 0.064795 0.071115 0.143938 -0.014711 -0.000766 0.209341 0.641364 0.037373 0.716979 0.451810 0.541486 0.397022 0.014882 0.034922 0.171723 -0.073973 0.258011 0.359073 0.475537 0.252124 0.266574 0.375229 0.359191 0.327582 0.614805 0.325540 0.412499 0.476701 0.150030 0.543525 0.358624 0.210805 -0.269042 0.032604 -0.266828 -0.112562 -0.320046 -0.181536 -0.098701 -0.211606 -0.122406 -0.029838 -0.108241 0.034582 -0.130870 -0.006060 -0.262088 -0.094635
-0.055198 0.079917 0.119437 -0.066250 -0.040321 0.132910 0.341204 -0.194668 -0.364396 -0.095744 -0.169355 -0.302314 -0.058123 -0.133635 0.094472 -0.141564 -0.025558 0.076244 0.157089 -0.050164 0.165409 0.411565 0.697912 0.010282 0.301513 0.630211 0.675039 0.256907 -0.026443 0.116314 0.258717 -0.075941 0.074492 0.555408 0.347000 0.152202 0.095446 0.470121 0.379136 0.089212 0.021102 0.322701 0.147533 -0.040490 0.075298 0.221514 0.351060 0.097780 -0.050021 0.279324 -0.071498 0.164684 -0.000682 0.156922 0.342116 -0.014539 -0.113499 0.181421 0.130615 0.111891 -0.028849 0.049448 0.062252 0.087410
-0.124330 -0.173140 -0.258521 -0.091439 0.019173 0.071363 0.511995 0.064965 -0.061222 -0.093577 -0.296787 -0.038855 -0.034721 -0.018077 0.001620 -0.003812 -0.139383 -0.091882 0.261958 0.027383 0.014887 -0.018062 0.727219 0.031198 0.607665 0.756557 0.450582 0.484166 -0.051808 -0.140949 -0.082234 -0.053413 -0.052660 0.067370 -0.176150 0.183813 -0.031382 -0.144461 0.341343 0.004362 0.080364 0.004685 -0.056951 0.105511 0.124185 -0.026480 0.035574 -0.033350 -0.102429 0.158013 -0.040278 0.025366 -0.171531 -0.265864 0.127693 -0.152285 0.186078 0.069966 0.097214 0.049953 -0.044556 -0.119630 0.033622 0.122967
-0.263332 -0.208339 -0.184552 -0.302305 -0.306948 -0.184513 0.083860 -0.249136 -0.027213 -0.128621 -0.090781 -0.084906 -0.292591 -0.332583 -0.242896 -0.269070 -0.326237 -0.512385 -0.172089 -0.267532 -0.266871 -0.213836 0.211518 -0.264138 -0.139411 -0.507907 -0.175399 -0.247273 -0.218103 -0.350430 -0.265640 -0.111243 -0.250780 -0.418191 -0.378019 -0.291341 -0.278866 -0.360712 0.229360 -0.312234 -0.174947 -0.320871 -0.344754 -0.284318 -0.287155 -0.294150 -0.297165 -0.165828 -0.391490 -0.313897 -0.149450 -0.224086 -0.305569 -0.438599 0.189574 -0.361467 -0.057081 -0.060303 -0.028543 -0.063144 -0.356511 -0.232190 -0.167512 -0.219470
-0.117642 0.139803 0.201139 -0.194980 -0.188375 0.115065 0.322519 -0.188627 -0.005822 0.135047 -0.209237 0.029189 -0.268215 0.226182 -0.106734 -0.059398 0.133657 0.092285 0.312425 -0.010510 -0.107965 0.166054 0.542995 -0.037005 0.681300 1.040832 0.931620 0.454743 -0.195422 0.142784 0.191787 -0.052392 0.241695 0.877315 1.222673 0.396908 0.113221 0.734973 0.965049 0.072368 0.231354 0.960373 0.490854 0.214728 0.025305 0.445381 0.498546 -0.036152 -0.311610 0.306773 -0.121577 -0.021636 -0.164600 0.069001 0.154089 -0.147054 -0.150277 0.039728 0.135959 0.193338 -0.178659 0.138017 0.045331 0.060830
-0.145957 -0.139354 -0.139875 -0.222269 -0.176015 -0.168056 0.128745 -0.260767 -0.260459 -0.121906 -0.125480 -0.265835 -0.144235 -0.126634 -0.016556 -0.141906 -0.162986 -0.093385 -0.110799 -0.161864 -0.152472 -0.019183 0.262268 -0.249772 -0.008014 -0.093728 -0.034697 -0.138313 -0.268626 -0.207875 -0.366532 -0.130122 -0.324362 -0.377134 -0.388950 -0.298551 -0.378890 -0.298903 -0.006609 -0.425118 -0.283626 -0.283529 -0.189405 -0.381873 -0.335856 -0.422467 -0.425898 -0.206670 -0.069275 -0.062419 -0.088234 -0.021171 -0.103538 -0.173318 0.345132 -0.257965 0.088353 0.069640 0.154569 0.015147 -0.133368 -0.102885 -0.017157 -0.022045
-0.169610 -0.108079 -0.183100 -0.156532 -0.247687 0.004759 -0.004923 -0.036833 -0.068676 -0.067487 -0.182270 0.012577 -0.012112 -0.026451 -0.061943 0.031686 -0.025526 -0.197339 0.134907 -0.103639 -0.124111 -0.093507 0.560917 -0.193034 0.618247 0.377310 0.426394 0.416616 -0.293475 -0.270505 -0.159660 -0.172830 0.097318 0.131292 0.064188 0.114634 -0.057301 0.143032 0.387444 -0.046032 0.034708 0.170934 0.105852 0.029340 -0.079128 0.003129 0.005637 -0.121144 -0.141883 0.024504 -0.117911 -0.118630 -0.108541 -0.060633 0.406924 -0.184965 -0.005101 -0.031545 0.059264 -0.049884 -0.078468 -0.129709 -0.043086 -0.054722
-0.189516 -0.219590 -0.004161 -0.233553 0.021384 0.066451 0.793040 -0.105913 -0.024438 -0.054419 0.005343 -0.047606 -0.383433 -0.388283 0.024435 -0.371557 -0.271273 -0.371853 -0.138783 -0.362258 0.029371 -0.064887 0.180703 -0.216673 -0.073876 -0.018804 0.300090 -0.036888 -0.278511 -0.361694 -0.229591 -0.297783 0.053973 0.005858 -0.034118 0.143430 0.063068 -0.069596 0.418343 -0.040974 -0.083792 -0.096579 0.009947 -0.051391 0.063855 0.045032 0.207981 0.103002 -0.302543 -0.082147 -0.181303 -0.207846 0.065724 0.031314 0.863753 -0.214270 -0.132638 -0.049431 0.030108 -0.098337 -0.146605 -0.172075 0.125997 -0.199051
-0.104571 -0.014606 -0.020304 -0.228277 -0.150719 -0.055596 0.227545 -0.270779 -0.015359 0.059411 -0.062465 0.136899 -0.229443 -0.148522 -0.148240 -0.167913 -0.250668 -0.224701 -0.141867 -0.286608 -0.021438 0.248062 0.407851 -0.075245 0.155903 0.247041 0.231020 0.133473 -0.307341 -0.111479 -0.024447 -0.231832 0.275682 0.642303 0.752079 0.493612 0.532695 0.257527 0.335947 0.531479 0.406353 0.606362 0.633198 -0.084320 0.220003 0.153482 0.333960 0.071196 -0.358893 0.108001 -0.246883 -0.085584 -0.025179 -0.050318 0.413412 -0.162713 -0.168274 -0.090162 0.100444 -0.066239 -0.221439 -0.170647 -0.233527 -0.112528
0.519617 0.030779 0.527603 0.362987 0.968067 0.681449 1.136444 0.366982 0.611394 0.878264 0.662808 0.547500 0.407237 0.100038 0.473402 0.260262 0.258614 0.055957 0.298070 0.252079 0.452682 0.340849 0.798797 0.267703 0.116748 0.386909 0.371115 0.080140 -0.040099 0.106651 0.347882 -0.050883 0.384939 0.461803 0.525090 0.342460 0.540791 0.259953 0.835636 0.154937 0.350240 0.682872 0.399314 0.220279 0.002296 0.336430 0.422688 0.165585 0.148088 0.284841 0.065419 0.175044 0.728841 0.397645 0.653401 0.244907 0.088661 0.619208 0.568423 0.341262 0.019380 0.096887 0.125425 0.105879
-0.218732 -0.351847 -0.329751 -0.259796 -0.053999 0.121101 0.602061 -0.197906 -0.324346 -0.283745 -0.429622 -0.085695 -0.184160 -0.350600 0.032039 -0.256534 -0.333288 -0.467251 -0.104017 -0.358133 -0.195637 -0.122447 0.191133 -0.294486 -0.102731 -0.053195 0.067490 -0.079183 -0.328759 -0.446671 -0.223261 -0.246893 -0.156997 -0.193056 -0.256724 -0.119430 -0.202068 -0.204082 0.297810 -0.146617 -0.122664 -0.021429 -0.125213 0.021377 -0.110919 -0.202705 -0.042212 -0.166174 -0.114498 -0.074493 -0.190757 -0.168220 0.015834 -0.043093 0.575227 -0.168148 -0.236638 -0.242241 -0.193242 -0.132416 -0.136923 -0.318064 0.047830 -0.126082
-0.013282 -0.151579 0.034077 -0.145537 -0.077698 -0.006048 0.610207 -0.133853 0.215589 0.113078 0.142439 -0.031209 -0.288218 -0.156256 -0.092820 -0.120504 -0.002614 -0.116054 0.054006 -0.052178 0.098503 0.137571 0.849605 -0.107382 0.553678 0.386793 0.587745 0.248371 -0.110458 -0.273879 -0.157936 -0.147893 -0.225630 -0.375359 -0.240184 -0.391586 -0.015152 -0.142106 0.801437 -0.103248 0.044583 -0.199108 -0.041536 -0.234650 -0.297658 -0.332786 -0.095396 -0.121203 -0.007888 0.003954 0.063926 -0.066137 0.012046 0.018619 0.724586 -0.333731 0.367488 0.198094 0.169546 0.104577 -0.231960 -0.175617 -0.052939 -0.148478
-0.151858 -0.198006 -0.068643 -0.325513 -0.067503 0.068114 0.294848 -0.093105 0.087203 0.219944 0.221546 0.005263 -0.278607 -0.051898 -0.191917 -0.164409 0.188669 -0.011026 0.118764 0.015442 -0.001321 0.401565 0.559250 0.121714 0.525509 0.710514 0.600392 0.229555 -0.173326 -0.194059 -0.109812 -0.118335 0.072105 0.459361 0.490120 -0.167687 0.449722 0.588240 0.475786 0.538645 0.566863 0.900896 0.653648 0.095323 0.198801 0.232432 0.233237 -0.054240 -0.141359 0.067544 -0.108148 -0.114014 -0.007177 -0.032327 0.580806 -0.173032 0.127353 0.450292 0.253017 0.090278 -0.206930 -0.121940 -0.213948 -0.107163
-0.042833 0.005689 -0.010920 -0.171240 0.201933 0.410039 0.827999 -0.041094 0.212056 0.335902 0.244751 -0.129584 -0.099791 0.010694 0.141738 -0.116487 0.037544 -0.053814 0.179334 -0.030408 0.185501 0.405114 0.791521 0.043302 0.309611 0.309364 0.631022 0.252507 -0.039382 -0.068412 0.156880 -0.011571 -0.123454 -0.076343 -0.198847 -0.312881 0.120494 0.256334 0.479443 0.004068 0.051814 0.211498 0.213664 -0.056496 -0.214843 -0.134551 -0.045546 -0.183040 -0.180630 0.238914 0.042661 0.011144 0.241076 0.183560 0.433853 -0.253875 0.162779 0.329183 0.347005 0.192652 -0.027668 0.050804 0.013244 0.045371
-0.035539 -0.304342 -0.349474 -0.205106 0.210544 0.193959 0.762797 0.093690 -0.069805 -0.102147 -0.241944 0.012755 0.047058 -0.030665 0.146555 0.006452 -0.013450 -0.076330 0.099188 -0.071786 0.079085 0.169187 0.703062 -0.001059 0.330037 0.103193 0.564888 0.205569 -0.231154 -0.198931 -0.078750 -0.169630 -0.033295 -0.186321 -0.295095 -0.155155 0.014387 0.108135 0.568874 0.044919 0.221906 0.256494 0.112216 0.100652 0.010232 -0.046302 0.031025 -0.038687 -0.052420 0.015376 -0.077554 -0.079728 0.021295 -0.061939 0.722850 -0.171605 -0.008076 -0.065689 0.024295 -0.006041 -0.055239 -0.152419 0.083172 -0.008773
-0.135329 -0.183141 0.015073 -0.151019 -0.209785 -0.184799 -0.220313 -0.146279 -0.216404 -0.240775 -0.091075 -0.123126 -0.184540 -0.264564 0.043570 -0.174376 -0.037090 -0.122498 -0.202730 -0.127215 0.055346 -0.051468 0.552265 -0.074228 0.387996 0.141610 0.149926 0.055116 -0.014428 -0.095528 -0.022668 -0.014016 -0.108915 -0.148568 -0.165142 0.024227 -0.146441 -0.192929 -0.186036 -0.148096 -0.281303 -0.395065 -0.311174 -0.249027 -0.089603 -0.132203 0.136998 -0.108797 -0.143322 -0.049450 -0.052570 0.022475 -0.016416 -0.132862 0.395954 -0.258735 0.052467 -0.011906 0.030773 0.020286 -0.115627 -0.128870 -0.003331 -0.076480
-0.137848 -0.081195 -0.136137 -0.287942 -0.194473 -0.095553 0.140616 -0.252494 0.117509 0.109887 -0.008747 0.146978 -0.103945 -0.092271 -0.044174 -0.150086 -0.152312 -0.217846 -0.014834 -0.210929 -0.237031 -0.057378 0.113181 -0.224532 0.485408 0.469858 0.469233 0.339830 -0.234176 -0.112894 -0.085102 -0.230896 0.561728 1.056522 0.660893 0.565327 0.190504 0.462112 0.434507 0.189949 0.294331 0.528025 0.489083 0.090449 0.112263 0.439650 0.609013 0.025906 -0.218779 -0.029415 -0.225805 -0.235456 -0.272377 -0.272607 0.100927 -0.268888 -0.173521 -0.203443 -0.087064 -0.113044 -0.116838 -0.116165 -0.092105 -0.166983
0.019770 -0.163061 0.109150 -0.151996 0.088621 0.085017 0.466116 -0.057167 -0.206849 -0.144634 -0.039858 -0.095074 0.122720 -0.076339 0.313518 -0.098889 -0.178514 0.000880 0.019860 -0.202372 0.121959 -0.113038 0.343487 -0.180691 0.088337 0.209625 0.378570 0.104588 -0.076483 -0.300941 0.059520 -0.181832 -0.078684 -0.089836 0.012702 -0.028273 0.046928 -0.067702 0.264477 -0.081363 -0.228344 -0.002090 0.083423 -0.157314 0.107094 -0.006317 0.098621 0.096520 -0.098121 0.215285 -0.072886 -0.000239 -0.020807 0.037340 0.158492 -0.234342 -0.151874 0.040772 0.208145 -0.036134 -0.044126 -0.122250 0.008501 -0.047294
-0.031980 -0.079156 -0.084733 -0.065512 -0.087435 -0.003248 0.086174 -0.059799 0.011722 -0.052009 -0.181052 -0.006436 0.029593 -0.112417 0.020304 -0.073397 -0.207227 -0.266246 -0.040505 -0.175275 -0.244708 -0.253749 0.219347 -0.300432 0.369402 -0.116832 0.162251 0.036191 -0.189356 -0.325909 -0.196059 -0.165452 0.023613 0.191661 -0.061085 0.174747 -0.075466 0.046806 0.194592 -0.057507 -0.044980 0.091037 -0.087282 0.161386 0.027629 -0.076994 0.128083 -0.017399 0.008695 -0.055977 -0.049137 0.008632 -0.121718 -0.210068 0.071521 -0.185412 0.039443 -0.060088 0.048657 0.036002 0.083610 -0.106388 0.047493 0.051197
